SWORDS 53
S 0 7 1 1 4 5 6 1 3 COUNT 1
S 1 1 1 COUNT 10848
S 2 11 1 1 4 1 7 8 9 3 1 10 3 COUNT 1
S 3 3 1 1 3 COUNT 2730
S 4 3 1 1 4 COUNT 2674
S 5 16 1 1 4 11 1 4 12 13 14 6 1 3 15 6 1 3 COUNT 1
S 6 6 1 1 3 6 1 3 COUNT 912
S 7 6 1 1 4 1 7 4 COUNT 866
S 8 22 1 1 4 1 7 16 4 1 7 17 18 19 9 3 1 10 20 9 3 1 10 3 COUNT 1
S 9 10 1 1 3 1 10 9 3 1 10 3 COUNT 229
S 10 6 1 1 3 1 10 3 COUNT 453
S 11 6 1 1 4 11 1 4 COUNT 453
S 12 10 1 1 4 11 1 4 12 11 1 4 COUNT 229
S 13 29 1 1 4 11 1 4 12 21 11 1 4 12 22 23 24 14 6 1 3 15 25 14 6 1 3 15 6 1 3 COUNT 1
S 14 15 1 1 3 6 1 3 15 14 6 1 3 15 6 1 3 COUNT 229
S 15 10 1 1 3 6 1 3 15 6 1 3 COUNT 453
S 16 10 1 1 4 1 7 16 4 1 7 4 COUNT 416
S 17 15 1 1 4 1 7 16 4 1 7 17 16 4 1 7 4 COUNT 200
S 18 37 1 1 4 1 7 16 4 1 7 17 26 16 4 1 7 17 27 28 29 19 9 3 1 10 20 30 19 9 3 1 10 20 9 3 1 10 3 COUNT 1
S 19 21 1 1 3 1 10 9 3 1 10 20 19 9 3 1 10 20 9 3 1 10 3 COUNT 58
S 20 15 1 1 3 1 10 9 3 1 10 20 9 3 1 10 3 COUNT 112
S 21 15 1 1 4 11 1 4 12 21 11 1 4 12 11 1 4 COUNT 112
S 22 21 1 1 4 11 1 4 12 21 11 1 4 12 22 21 11 1 4 12 11 1 4 COUNT 58
S 23 46 1 1 4 11 1 4 12 21 11 1 4 12 22 31 21 11 1 4 12 22 32 33 34 24 14 6 1 3 15 25 35 24 14 6 1 3 15 25 14 6 1 3 15 6 1 3 COUNT 1
S 24 28 1 1 3 6 1 3 15 14 6 1 3 15 25 24 14 6 1 3 15 25 14 6 1 3 15 6 1 3 COUNT 58
S 25 21 1 1 3 6 1 3 15 14 6 1 3 15 25 14 6 1 3 15 6 1 3 COUNT 112
S 26 21 1 1 4 1 7 16 4 1 7 17 26 16 4 1 7 17 16 4 1 7 4 COUNT 90
S 27 28 1 1 4 1 7 16 4 1 7 17 26 16 4 1 7 17 27 26 16 4 1 7 17 16 4 1 7 4 COUNT 42
S 28 56 1 1 4 1 7 16 4 1 7 17 26 16 4 1 7 17 27 36 26 16 4 1 7 17 27 37 28 38 29 19 9 3 1 10 20 30 39 29 19 9 3 1 10 20 30 19 9 3 1 10 20 9 3 1 10 3 COUNT 1
S 29 36 1 1 3 1 10 9 3 1 10 20 19 9 3 1 10 20 30 29 19 9 3 1 10 20 30 19 9 3 1 10 20 9 3 1 10 3 COUNT 15
S 30 28 1 1 3 1 10 9 3 1 10 20 19 9 3 1 10 20 30 19 9 3 1 10 20 9 3 1 10 3 COUNT 27
S 31 28 1 1 4 11 1 4 12 21 11 1 4 12 22 31 21 11 1 4 12 22 21 11 1 4 12 11 1 4 COUNT 27
S 32 36 1 1 4 11 1 4 12 21 11 1 4 12 22 31 21 11 1 4 12 22 32 31 21 11 1 4 12 22 21 11 1 4 12 11 1 4 COUNT 15
S 33 67 1 1 4 11 1 4 12 21 11 1 4 12 22 31 21 11 1 4 12 22 32 40 31 21 11 1 4 12 22 32 33 41 33 34 24 14 6 1 3 15 25 35 42 34 24 14 6 1 3 15 25 35 24 14 6 1 3 15 25 14 6 1 3 15 6 1 3 COUNT 1
S 34 45 1 1 3 6 1 3 15 14 6 1 3 15 25 24 14 6 1 3 15 25 35 34 24 14 6 1 3 15 25 35 24 14 6 1 3 15 25 14 6 1 3 15 6 1 3 COUNT 15
S 35 36 1 1 3 6 1 3 15 14 6 1 3 15 25 24 14 6 1 3 15 25 35 24 14 6 1 3 15 25 14 6 1 3 15 6 1 3 COUNT 27
S 36 36 1 1 4 1 7 16 4 1 7 17 26 16 4 1 7 17 27 36 26 16 4 1 7 17 27 26 16 4 1 7 17 16 4 1 7 4 COUNT 16
S 37 45 1 1 4 1 7 16 4 1 7 17 26 16 4 1 7 17 27 36 26 16 4 1 7 17 27 37 36 26 16 4 1 7 17 27 26 16 4 1 7 17 16 4 1 7 4 COUNT 7
S 38 79 1 1 4 1 7 16 4 1 7 17 26 16 4 1 7 17 27 36 26 16 4 1 7 17 27 37 28 43 36 26 16 4 1 7 17 27 37 28 38 29 19 9 3 1 10 20 30 39 43 28 38 29 19 9 3 1 10 20 30 39 29 19 9 3 1 10 20 30 19 9 3 1 10 20 9 3 1 10 3 COUNT 2
S 39 55 1 1 3 1 10 9 3 1 10 20 19 9 3 1 10 20 30 29 19 9 3 1 10 20 30 39 38 29 19 9 3 1 10 20 30 39 29 19 9 3 1 10 20 30 19 9 3 1 10 20 9 3 1 10 3 COUNT 4
S 40 45 1 1 3 1 10 9 3 1 10 20 19 9 3 1 10 20 30 29 19 9 3 1 10 20 30 39 29 19 9 3 1 10 20 30 19 9 3 1 10 20 9 3 1 10 3 COUNT 6
S 41 45 1 1 4 11 1 4 12 21 11 1 4 12 22 31 21 11 1 4 12 22 32 40 31 21 11 1 4 12 22 32 31 21 11 1 4 12 22 21 11 1 4 12 11 1 4 COUNT 6
S 42 56 1 1 4 11 1 4 12 21 11 1 4 12 22 31 21 11 1 4 12 22 32 40 31 21 11 1 4 12 22 32 33 41 40 31 21 11 1 4 12 22 32 31 21 11 1 4 12 22 21 11 1 4 12 11 1 4 COUNT 4
S 43 90 1 1 4 11 1 4 12 21 11 1 4 12 22 31 21 11 1 4 12 22 32 40 31 21 11 1 4 12 22 32 33 41 33 34 24 14 6 1 3 15 25 35 42 41 40 31 21 11 1 4 12 22 32 33 41 33 34 24 14 6 1 3 15 25 35 42 34 24 14 6 1 3 15 25 35 24 14 6 1 3 15 25 14 6 1 3 15 6 1 3 COUNT 3
S 44 67 1 1 3 6 1 3 15 14 6 1 3 15 25 24 14 6 1 3 15 25 35 34 24 14 6 1 3 15 25 35 42 41 33 34 24 14 6 1 3 15 25 35 42 34 24 14 6 1 3 15 25 35 24 14 6 1 3 15 25 14 6 1 3 15 6 1 3 COUNT 4
S 45 55 1 1 3 6 1 3 15 14 6 1 3 15 25 24 14 6 1 3 15 25 35 34 24 14 6 1 3 15 25 35 42 34 24 14 6 1 3 15 25 35 24 14 6 1 3 15 25 14 6 1 3 15 6 1 3 COUNT 6
S 46 56 1 1 4 1 7 16 4 1 7 17 26 16 4 1 7 17 27 36 26 16 4 1 7 17 27 37 28 43 36 26 16 4 1 7 17 27 37 36 26 16 4 1 7 17 27 26 16 4 1 7 17 16 4 1 7 4 COUNT 2
S 47 79 1 1 4 1 7 16 4 1 7 17 26 16 4 1 7 17 27 36 26 16 4 1 7 17 27 37 28 43 36 26 16 4 1 7 17 27 37 28 38 29 19 9 3 1 10 20 30 39 43 28 43 36 26 16 4 1 7 17 27 37 36 26 16 4 1 7 17 27 26 16 4 1 7 17 16 4 1 7 4 COUNT 1
S 48 90 1 1 3 1 10 9 3 1 10 20 19 9 3 1 10 20 30 29 19 9 3 1 10 20 30 39 38 29 19 9 3 1 10 20 30 39 43 28 43 36 26 16 4 1 7 17 27 37 28 38 29 19 9 3 1 10 20 30 39 43 28 38 29 19 9 3 1 10 20 30 39 29 19 9 3 1 10 20 30 19 9 3 1 10 20 9 3 1 10 3 COUNT 1
S 49 67 1 1 3 1 10 9 3 1 10 20 19 9 3 1 10 20 30 29 19 9 3 1 10 20 30 39 38 29 19 9 3 1 10 20 30 39 43 28 38 29 19 9 3 1 10 20 30 39 29 19 9 3 1 10 20 30 19 9 3 1 10 20 9 3 1 10 3 COUNT 1
S 50 79 1 1 4 11 1 4 12 21 11 1 4 12 22 31 21 11 1 4 12 22 32 40 31 21 11 1 4 12 22 32 33 41 33 34 24 14 6 1 3 15 25 35 42 41 40 31 21 11 1 4 12 22 32 33 41 40 31 21 11 1 4 12 22 32 31 21 11 1 4 12 22 21 11 1 4 12 11 1 4 COUNT 1
S 51 79 1 1 3 6 1 3 15 14 6 1 3 15 25 24 14 6 1 3 15 25 35 34 24 14 6 1 3 15 25 35 42 41 33 34 24 14 6 1 3 15 25 35 42 41 40 31 21 11 1 4 12 22 32 33 41 40 31 21 11 1 4 12 22 32 31 21 11 1 4 12 22 21 11 1 4 12 11 1 4 COUNT 1
S 52 90 1 1 3 6 1 3 15 14 6 1 3 15 25 24 14 6 1 3 15 25 35 34 24 14 6 1 3 15 25 35 42 41 33 34 24 14 6 1 3 15 25 35 42 41 40 31 21 11 1 4 12 22 32 33 41 33 34 24 14 6 1 3 15 25 35 42 34 24 14 6 1 3 15 25 35 24 14 6 1 3 15 25 14 6 1 3 15 6 1 3 COUNT 1

S_SEQUENCE 21535
0 1 2 3 1 1 4 5 6 1 3 1 1 1 4 1 7 8 9 3 1 10 3 1 1 3 1 1 1 1 4 1 1 4 11 1 4 12 13 14 6 1 3 15 6 1 3 1 1 3 6 1 3 1 1 1 3 1 1 1 1 1 4 1 1 1 4 1 7 4 1 1 4 1 7 16 4 1 7 17 18 19 9 3 1 10 20 9 3 1 10 3 1 1 3 1 10 9 3 1 10 3 1 1 3 1 1 1 3 1 10 3 1 1 3 1 1 1 1 3 1 1 1 1 1 1 4 1 1 1 1 4 1 1 4 11 1 4 1 1 1 4 1 1 4 11 1 4 12 11 1 4 1 1 4 11 1 4 12 21 11 1 4 12 22 23 24 14 6 1 3 15 25 14 6 1 3 15 6 1 3 1 1 3 6 1 3 15 14 6 1 3 15 6 1 3 1 1 3 6 1 3 1 1 1 3 1 1 3 6 1 3 15 6 1 3 1 1 3 6 1 3 1 1 1 3 1 1 1 1 3 1 1 3 6 1 3 1 1 1 3 1 1 1 1 1 3 1 1 1 1 1 1 1 4 1 1 1 1 1 4 1 1 1 4 1 7 4 1 1 4 1 1 1 1 4 1 1 1 4 1 7 4 1 1 4 1 7 16 4 1 7 4 1 1 4 1 1 1 4 1 7 4 1 1 4 1 7 16 4 1 7 17 16 4 1 7 4 1 1 4 1 7 16 4 1 7 17 26 16 4 1 7 17 27 28 29 19 9 3 1 10 20 30 19 9 3 1 10 20 9 3 1 10 3 1 1 3 1 10 9 3 1 10 20 19 9 3 1 10 20 9 3 1 10 3 1 1 3 1 10 9 3 1 10 3 1 1 3 1 1 1 3 1 10 3 1 1 3 1 10 9 3 1 10 20 9 3 1 10 3 1 1 3 1 10 9 3 1 10 3 1 1 3 1 1 1 3 1 10 3 1 1 3 1 1 1 1 3 1 1 1 3 1 10 3 1 1 3 1 10 9 3 1 10 3 1 1 3 1 1 1 3 1 10 3 1 1 3 1 1 1 1 3 1 1 1 1 1 3 1 1 1 3 1 10 3 1 1 3 1 1 1 1 3 1 1 1 1 1 1 3 1 1 1 1 1 1 1 1 4 1 1 1 1 1 1 4 1 1 1 1 4 1 1 4 11 1 4 1 1 1 4 1 1 1 1 1 4 1 1 1 1 4 1 1 4 11 1 4 1 1 1 4 1 1 4 11 1 4 12 11 1 4 1 1 4 11 1 4 1 1 1 4 1 1 1 1 4 1 1 4 11 1 4 1 1 1 4 1 1 4 11 1 4 12 11 1 4 1 1 4 11 1 4 12 21 11 1 4 12 11 1 4 1 1 4 11 1 4 1 1 1 4 1 1 4 11 1 4 12 11 1 4 1 1 4 11 1 4 12 21 11 1 4 12 22 21 11 1 4 12 11 1 4 1 1 4 11 1 4 12 21 11 1 4 12 22 31 21 11 1 4 12 22 32 33 34 24 14 6 1 3 15 25 35 24 14 6 1 3 15 25 14 6 1 3 15 6 1 3 1 1 3 6 1 3 15 14 6 1 3 15 25 24 14 6 1 3 15 25 14 6 1 3 15 6 1 3 1 1 3 6 1 3 15 14 6 1 3 15 6 1 3 1 1 3 6 1 3 1 1 1 3 1 1 3 6 1 3 15 6 1 3 1 1 3 6 1 3 15 14 6 1 3 15 25 14 6 1 3 15 6 1 3 1 1 3 6 1 3 15 14 6 1 3 15 6 1 3 1 1 3 6 1 3 1 1 1 3 1 1 3 6 1 3 15 6 1 3 1 1 3 6 1 3 1 1 1 3 1 1 1 1 3 1 1 3 6 1 3 1 1 1 3 1 1 3 6 1 3 15 6 1 3 1 1 3 6 1 3 15 14 6 1 3 15 6 1 3 1 1 3 6 1 3 1 1 1 3 1 1 3 6 1 3 15 6 1 3 1 1 3 6 1 3 1 1 1 3 1 1 1 1 3 1 1 3 6 1 3 1 1 1 3 1 1 1 1 1 3 1 1 1 1 3 1 1 3 6 1 3 1 1 1 3 1 1 3 6 1 3 15 6 1 3 1 1 3 6 1 3 1 1 1 3 1 1 1 1 3 1 1 3 6 1 3 1 1 1 3 1 1 1 1 1 3 1 1 1 1 1 1 3 1 1 1 1 3 1 1 3 6 1 3 1 1 1 3 1 1 1 1 1 3 1 1 1 1 1 1 1 3 1 1 1 1 1 1 1 1 1 4 1 1 1 1 1 1 1 4 1 1 1 1 1 4 1 1 1 4 1 7 4 1 1 4 1 1 1 1 4 1 1 1 1 1 1 4 1 1 1 1 1 4 1 1 1 4 1 7 4 1 1 4 1 1 1 1 4 1 1 1 4 1 7 4 1 1 4 1 7 16 4 1 7 4 1 1 4 1 1 1 4 1 7 4 1 1 4 1 1 1 1 4 1 1 1 1 1 4 1 1 1 4 1 7 4 1 1 4 1 1 1 1 4 1 1 1 4 1 7 4 1 1 4 1 7 16 4 1 7 4 1 1 4 1 1 1 4 1 7 4 1 1 4 1 7 16 4 1 7 17 16 4 1 7 4 1 1 4 1 7 16 4 1 7 4 1 1 4 1 1 1 4 1 7 4 1 1 4 1 1 1 1 4 1 1 1 4 1 7 4 1 1 4 1 7 16 4 1 7 4 1 1 4 1 1 1 4 1 7 4 1 1 4 1 7 16 4 1 7 17 16 4 1 7 4 1 1 4 1 7 16 4 1 7 17 26 16 4 1 7 17 16 4 1 7 4 1 1 4 1 7 16 4 1 7 4 1 1 4 1 1 1 4 1 7 4 1 1 4 1 7 16 4 1 7 17 16 4 1 7 4 1 1 4 1 7 16 4 1 7 17 26 16 4 1 7 17 27 26 16 4 1 7 17 16 4 1 7 4 1 1 4 1 7 16 4 1 7 17 26 16 4 1 7 17 27 36 26 16 4 1 7 17 27 37 38 39 29 19 9 3 1 10 20 30 40 29 19 9 3 1 10 20 30 19 9 3 1 10 20 9 3 1 10 3 1 1 3 1 10 9 3 1 10 20 19 9 3 1 10 20 30 29 19 9 3 1 10 20 30 19 9 3 1 10 20 9 3 1 10 3 1 1 3 1 10 9 3 1 10 20 19 9 3 1 10 20 9 3 1 10 3 1 1 3 1 10 9 3 1 10 3 1 1 3 1 1 1 3 1 10 3 1 1 3 1 10 9 3 1 10 20 9 3 1 10 3 1 1 3 1 10 9 3 1 10 20 19 9 3 1 10 20 30 19 9 3 1 10 20 9 3 1 10 3 1 1 3 1 10 9 3 1 10 20 19 9 3 1 10 20 9 3 1 10 3 1 1 3 1 10 9 3 1 10 3 1 1 3 1 1 1 3 1 10 3 1 1 3 1 10 9 3 1 10 20 9 3 1 10 3 1 1 3 1 10 9 3 1 10 3 1 1 3 1 1 1 3 1 10 3 1 1 3 1 1 1 1 3 1 1 1 3 1 10 3 1 1 3 1 10 9 3 1 10 3 1 1 3 1 1 1 3 1 10 3 1 1 3 1 10 9 3 1 10 20 9 3 1 10 3 1 1 3 1 10 9 3 1 10 20 19 9 3 1 10 20 9 3 1 10 3 1 1 3 1 10 9 3 1 10 3 1 1 3 1 1 1 3 1 10 3 1 1 3 1 10 9 3 1 10 20 9 3 1 10 3 1 1 3 1 10 9 3 1 10 3 1 1 3 1 1 1 3 1 10 3 1 1 3 1 1 1 1 3 1 1 1 3 1 10 3 1 1 3 1 10 9 3 1 10 3 1 1 3 1 1 1 3 1 10 3 1 1 3 1 1 1 1 3 1 1 1 1 1 3 1 1 1 3 1 10 3 1 1 3 1 1 1 1 3 1 1 1 3 1 10 3 1 1 3 1 10 9 3 1 10 3 1 1 3 1 1 1 3 1 10 3 1 1 3 1 10 9 3 1 10 20 9 3 1 10 3 1 1 3 1 10 9 3 1 10 3 1 1 3 1 1 1 3 1 10 3 1 1 3 1 1 1 1 3 1 1 1 3 1 10 3 1 1 3 1 10 9 3 1 10 3 1 1 3 1 1 1 3 1 10 3 1 1 3 1 1 1 1 3 1 1 1 1 1 3 1 1 1 3 1 10 3 1 1 3 1 1 1 1 3 1 1 1 1 1 1 3 1 1 1 1 1 3 1 1 1 3 1 10 3 1 1 3 1 1 1 1 3 1 1 1 3 1 10 3 1 1 3 1 10 9 3 1 10 3 1 1 3 1 1 1 3 1 10 3 1 1 3 1 1 1 1 3 1 1 1 1 1 3 1 1 1 3 1 10 3 1 1 3 1 1 1 1 3 1 1 1 1 1 1 3 1 1 1 1 1 1 1 3 1 1 1 1 1 3 1 1 1 3 1 10 3 1 1 3 1 1 1 1 3 1 1 1 1 1 1 3 1 1 1 1 1 1 1 1 3 1 1 1 1 1 1 1 1 1 1 4 1 1 1 1 1 1 1 1 4 1 1 1 1 1 1 4 1 1 1 1 4 1 1 4 11 1 4 1 1 1 4 1 1 1 1 1 4 1 1 1 1 1 1 1 4 1 1 1 1 1 1 4 1 1 1 1 4 1 1 4 11 1 4 1 1 1 4 1 1 1 1 1 4 1 1 1 1 4 1 1 4 11 1 4 1 1 1 4 1 1 4 11 1 4 12 11 1 4 1 1 4 11 1 4 1 1 1 4 1 1 1 1 4 1 1 4 11 1 4 1 1 1 4 1 1 1 1 1 4 1 1 1 1 1 1 4 1 1 1 1 4 1 1 4 11 1 4 1 1 1 4 1 1 1 1 1 4 1 1 1 1 4 1 1 4 11 1 4 1 1 1 4 1 1 4 11 1 4 12 11 1 4 1 1 4 11 1 4 1 1 1 4 1 1 1 1 4 1 1 4 11 1 4 1 1 1 4 1 1 4 11 1 4 12 11 1 4 1 1 4 11 1 4 12 21 11 1 4 12 11 1 4 1 1 4 11 1 4 1 1 1 4 1 1 4 11 1 4 12 11 1 4 1 1 4 11 1 4 1 1 1 4 1 1 1 1 4 1 1 4 11 1 4 1 1 1 4 1 1 1 1 1 4 1 1 1 1 4 1 1 4 11 1 4 1 1 1 4 1 1 4 11 1 4 12 11 1 4 1 1 4 11 1 4 1 1 1 4 1 1 1 1 4 1 1 4 11 1 4 1 1 1 4 1 1 4 11 1 4 12 11 1 4 1 1 4 11 1 4 12 21 11 1 4 12 11 1 4 1 1 4 11 1 4 1 1 1 4 1 1 4 11 1 4 12 11 1 4 1 1 4 11 1 4 12 21 11 1 4 12 22 21 11 1 4 12 11 1 4 1 1 4 11 1 4 12 21 11 1 4 12 11 1 4 1 1 4 11 1 4 1 1 1 4 1 1 4 11 1 4 12 11 1 4 1 1 4 11 1 4 1 1 1 4 1 1 1 1 4 1 1 4 11 1 4 1 1 1 4 1 1 4 11 1 4 12 11 1 4 1 1 4 11 1 4 12 21 11 1 4 12 11 1 4 1 1 4 11 1 4 1 1 1 4 1 1 4 11 1 4 12 11 1 4 1 1 4 11 1 4 12 21 11 1 4 12 22 21 11 1 4 12 11 1 4 1 1 4 11 1 4 12 21 11 1 4 12 22 31 21 11 1 4 12 22 21 11 1 4 12 11 1 4 1 1 4 11 1 4 12 21 11 1 4 12 11 1 4 1 1 4 11 1 4 1 1 1 4 1 1 4 11 1 4 12 11 1 4 1 1 4 11 1 4 12 21 11 1 4 12 22 21 11 1 4 12 11 1 4 1 1 4 11 1 4 12 21 11 1 4 12 22 31 21 11 1 4 12 22 32 31 21 11 1 4 12 22 21 11 1 4 12 11 1 4 1 1 4 11 1 4 12 21 11 1 4 12 22 31 21 11 1 4 12 22 32 41 31 21 11 1 4 12 22 32 42 43 44 34 24 14 6 1 3 15 25 35 45 34 24 14 6 1 3 15 25 35 24 14 6 1 3 15 25 14 6 1 3 15 6 1 3 1 1 3 6 1 3 15 14 6 1 3 15 25 24 14 6 1 3 15 25 35 34 24 14 6 1 3 15 25 35 24 14 6 1 3 15 25 14 6 1 3 15 6 1 3 1 1 3 6 1 3 15 14 6 1 3 15 25 24 14 6 1 3 15 25 14 6 1 3 15 6 1 3 1 1 3 6 1 3 15 14 6 1 3 15 6 1 3 1 1 3 6 1 3 1 1 1 3 1 1 3 6 1 3 15 6 1 3 1 1 3 6 1 3 15 14 6 1 3 15 25 14 6 1 3 15 6 1 3 1 1 3 6 1 3 15 14 6 1 3 15 25 24 14 6 1 3 15 25 35 24 14 6 1 3 15 25 14 6 1 3 15 6 1 3 1 1 3 6 1 3 15 14 6 1 3 15 25 24 14 6 1 3 15 25 14 6 1 3 15 6 1 3 1 1 3 6 1 3 15 14 6 1 3 15 6 1 3 1 1 3 6 1 3 1 1 1 3 1 1 3 6 1 3 15 6 1 3 1 1 3 6 1 3 15 14 6 1 3 15 25 14 6 1 3 15 6 1 3 1 1 3 6 1 3 15 14 6 1 3 15 6 1 3 1 1 3 6 1 3 1 1 1 3 1 1 3 6 1 3 15 6 1 3 1 1 3 6 1 3 1 1 1 3 1 1 1 1 3 1 1 3 6 1 3 1 1 1 3 1 1 3 6 1 3 15 6 1 3 1 1 3 6 1 3 15 14 6 1 3 15 6 1 3 1 1 3 6 1 3 1 1 1 3 1 1 3 6 1 3 15 6 1 3 1 1 3 6 1 3 15 14 6 1 3 15 25 14 6 1 3 15 6 1 3 1 1 3 6 1 3 15 14 6 1 3 15 25 24 14 6 1 3 15 25 14 6 1 3 15 6 1 3 1 1 3 6 1 3 15 14 6 1 3 15 6 1 3 1 1 3 6 1 3 1 1 1 3 1 1 3 6 1 3 15 6 1 3 1 1 3 6 1 3 15 14 6 1 3 15 25 14 6 1 3 15 6 1 3 1 1 3 6 1 3 15 14 6 1 3 15 6 1 3 1 1 3 6 1 3 1 1 1 3 1 1 3 6 1 3 15 6 1 3 1 1 3 6 1 3 1 1 1 3 1 1 1 1 3 1 1 3 6 1 3 1 1 1 3 1 1 3 6 1 3 15 6 1 3 1 1 3 6 1 3 15 14 6 1 3 15 6 1 3 1 1 3 6 1 3 1 1 1 3 1 1 3 6 1 3 15 6 1 3 1 1 3 6 1 3 1 1 1 3 1 1 1 1 3 1 1 3 6 1 3 1 1 1 3 1 1 1 1 1 3 1 1 1 1 3 1 1 3 6 1 3 1 1 1 3 1 1 3 6 1 3 15 6 1 3 1 1 3 6 1 3 1 1 1 3 1 1 1 1 3 1 1 3 6 1 3 1 1 1 3 1 1 3 6 1 3 15 6 1 3 1 1 3 6 1 3 15 14 6 1 3 15 6 1 3 1 1 3 6 1 3 1 1 1 3 1 1 3 6 1 3 15 6 1 3 1 1 3 6 1 3 15 14 6 1 3 15 25 14 6 1 3 15 6 1 3 1 1 3 6 1 3 15 14 6 1 3 15 6 1 3 1 1 3 6 1 3 1 1 1 3 1 1 3 6 1 3 15 6 1 3 1 1 3 6 1 3 1 1 1 3 1 1 1 1 3 1 1 3 6 1 3 1 1 1 3 1 1 3 6 1 3 15 6 1 3 1 1 3 6 1 3 15 14 6 1 3 15 6 1 3 1 1 3 6 1 3 1 1 1 3 1 1 3 6 1 3 15 6 1 3 1 1 3 6 1 3 1 1 1 3 1 1 1 1 3 1 1 3 6 1 3 1 1 1 3 1 1 1 1 1 3 1 1 1 1 3 1 1 3 6 1 3 1 1 1 3 1 1 3 6 1 3 15 6 1 3 1 1 3 6 1 3 1 1 1 3 1 1 1 1 3 1 1 3 6 1 3 1 1 1 3 1 1 1 1 1 3 1 1 1 1 1 1 3 1 1 1 1 3 1 1 3 6 1 3 1 1 1 3 1 1 1 1 1 3 1 1 1 1 3 1 1 3 6 1 3 1 1 1 3 1 1 3 6 1 3 15 6 1 3 1 1 3 6 1 3 1 1 1 3 1 1 1 1 3 1 1 3 6 1 3 1 1 1 3 1 1 3 6 1 3 15 6 1 3 1 1 3 6 1 3 15 14 6 1 3 15 6 1 3 1 1 3 6 1 3 1 1 1 3 1 1 3 6 1 3 15 6 1 3 1 1 3 6 1 3 1 1 1 3 1 1 1 1 3 1 1 3 6 1 3 1 1 1 3 1 1 1 1 1 3 1 1 1 1 3 1 1 3 6 1 3 1 1 1 3 1 1 3 6 1 3 15 6 1 3 1 1 3 6 1 3 1 1 1 3 1 1 1 1 3 1 1 3 6 1 3 1 1 1 3 1 1 1 1 1 3 1 1 1 1 1 1 3 1 1 1 1 3 1 1 3 6 1 3 1 1 1 3 1 1 1 1 1 3 1 1 1 1 1 1 1 3 1 1 1 1 1 1 3 1 1 1 1 3 1 1 3 6 1 3 1 1 1 3 1 1 1 1 1 3 1 1 1 1 3 1 1 3 6 1 3 1 1 1 3 1 1 3 6 1 3 15 6 1 3 1 1 3 6 1 3 1 1 1 3 1 1 1 1 3 1 1 3 6 1 3 1 1 1 3 1 1 1 1 1 3 1 1 1 1 1 1 3 1 1 1 1 3 1 1 3 6 1 3 1 1 1 3 1 1 1 1 1 3 1 1 1 1 1 1 1 3 1 1 1 1 1 1 1 1 3 1 1 1 1 1 1 3 1 1 1 1 3 1 1 3 6 1 3 1 1 1 3 1 1 1 1 1 3 1 1 1 1 1 1 1 3 1 1 1 1 1 1 1 1 1 3 1 1 1 1 1 1 1 1 1 1 1 4 1 1 1 1 1 1 1 1 1 4 1 1 1 1 1 1 1 4 1 1 1 1 1 4 1 1 1 4 1 7 4 1 1 4 1 1 1 1 4 1 1 1 1 1 1 4 1 1 1 1 1 1 1 1 4 1 1 1 1 1 1 1 4 1 1 1 1 1 4 1 1 1 4 1 7 4 1 1 4 1 1 1 1 4 1 1 1 1 1 1 4 1 1 1 1 1 4 1 1 1 4 1 7 4 1 1 4 1 1 1 1 4 1 1 1 4 1 7 4 1 1 4 1 7 16 4 1 7 4 1 1 4 1 1 1 4 1 7 4 1 1 4 1 1 1 1 4 1 1 1 1 1 4 1 1 1 4 1 7 4 1 1 4 1 1 1 1 4 1 1 1 1 1 1 4 1 1 1 1 1 1 1 4 1 1 1 1 1 4 1 1 1 4 1 7 4 1 1 4 1 1 1 1 4 1 1 1 1 1 1 4 1 1 1 1 1 4 1 1 1 4 1 7 4 1 1 4 1 1 1 1 4 1 1 1 4 1 7 4 1 1 4 1 7 16 4 1 7 4 1 1 4 1 1 1 4 1 7 4 1 1 4 1 1 1 1 4 1 1 1 1 1 4 1 1 1 4 1 7 4 1 1 4 1 1 1 1 4 1 1 1 4 1 7 4 1 1 4 1 7 16 4 1 7 4 1 1 4 1 1 1 4 1 7 4 1 1 4 1 7 16 4 1 7 17 16 4 1 7 4 1 1 4 1 7 16 4 1 7 4 1 1 4 1 1 1 4 1 7 4 1 1 4 1 1 1 1 4 1 1 1 4 1 7 4 1 1 4 1 7 16 4 1 7 4 1 1 4 1 1 1 4 1 7 4 1 1 4 1 1 1 1 4 1 1 1 1 1 4 1 1 1 4 1 7 4 1 1 4 1 1 1 1 4 1 1 1 1 1 1 4 1 1 1 1 1 4 1 1 1 4 1 7 4 1 1 4 1 1 1 1 4 1 1 1 4 1 7 4 1 1 4 1 7 16 4 1 7 4 1 1 4 1 1 1 4 1 7 4 1 1 4 1 1 1 1 4 1 1 1 1 1 4 1 1 1 4 1 7 4 1 1 4 1 1 1 1 4 1 1 1 4 1 7 4 1 1 4 1 7 16 4 1 7 4 1 1 4 1 1 1 4 1 7 4 1 1 4 1 7 16 4 1 7 17 16 4 1 7 4 1 1 4 1 7 16 4 1 7 4 1 1 4 1 1 1 4 1 7 4 1 1 4 1 1 1 1 4 1 1 1 4 1 7 4 1 1 4 1 7 16 4 1 7 4 1 1 4 1 1 1 4 1 7 4 1 1 4 1 7 16 4 1 7 17 16 4 1 7 4 1 1 4 1 7 16 4 1 7 17 26 16 4 1 7 17 16 4 1 7 4 1 1 4 1 7 16 4 1 7 4 1 1 4 1 1 1 4 1 7 4 1 1 4 1 7 16 4 1 7 17 16 4 1 7 4 1 1 4 1 7 16 4 1 7 4 1 1 4 1 1 1 4 1 7 4 1 1 4 1 1 1 1 4 1 1 1 4 1 7 4 1 1 4 1 7 16 4 1 7 4 1 1 4 1 1 1 4 1 7 4 1 1 4 1 1 1 1 4 1 1 1 1 1 4 1 1 1 4 1 7 4 1 1 4 1 1 1 1 4 1 1 1 4 1 7 4 1 1 4 1 7 16 4 1 7 4 1 1 4 1 1 1 4 1 7 4 1 1 4 1 7 16 4 1 7 17 16 4 1 7 4 1 1 4 1 7 16 4 1 7 4 1 1 4 1 1 1 4 1 7 4 1 1 4 1 1 1 1 4 1 1 1 4 1 7 4 1 1 4 1 7 16 4 1 7 4 1 1 4 1 1 1 4 1 7 4 1 1 4 1 7 16 4 1 7 17 16 4 1 7 4 1 1 4 1 7 16 4 1 7 17 26 16 4 1 7 17 16 4 1 7 4 1 1 4 1 7 16 4 1 7 4 1 1 4 1 1 1 4 1 7 4 1 1 4 1 7 16 4 1 7 17 16 4 1 7 4 1 1 4 1 7 16 4 1 7 17 26 16 4 1 7 17 27 26 16 4 1 7 17 16 4 1 7 4 1 1 4 1 7 16 4 1 7 17 26 16 4 1 7 17 16 4 1 7 4 1 1 4 1 7 16 4 1 7 4 1 1 4 1 1 1 4 1 7 4 1 1 4 1 7 16 4 1 7 17 16 4 1 7 4 1 1 4 1 7 16 4 1 7 4 1 1 4 1 1 1 4 1 7 4 1 1 4 1 1 1 1 4 1 1 1 4 1 7 4 1 1 4 1 7 16 4 1 7 4 1 1 4 1 1 1 4 1 7 4 1 1 4 1 7 16 4 1 7 17 16 4 1 7 4 1 1 4 1 7 16 4 1 7 17 26 16 4 1 7 17 16 4 1 7 4 1 1 4 1 7 16 4 1 7 4 1 1 4 1 1 1 4 1 7 4 1 1 4 1 7 16 4 1 7 17 16 4 1 7 4 1 1 4 1 7 16 4 1 7 17 26 16 4 1 7 17 27 26 16 4 1 7 17 16 4 1 7 4 1 1 4 1 7 16 4 1 7 17 26 16 4 1 7 17 27 36 26 16 4 1 7 17 27 26 16 4 1 7 17 16 4 1 7 4 1 1 4 1 7 16 4 1 7 17 26 16 4 1 7 17 16 4 1 7 4 1 1 4 1 7 16 4 1 7 4 1 1 4 1 1 1 4 1 7 4 1 1 4 1 7 16 4 1 7 17 16 4 1 7 4 1 1 4 1 7 16 4 1 7 17 26 16 4 1 7 17 27 26 16 4 1 7 17 16 4 1 7 4 1 1 4 1 7 16 4 1 7 17 26 16 4 1 7 17 27 36 26 16 4 1 7 17 27 37 36 26 16 4 1 7 17 27 26 16 4 1 7 17 16 4 1 7 4 1 1 4 1 7 16 4 1 7 17 26 16 4 1 7 17 27 36 26 16 4 1 7 17 27 37 46 36 26 16 4 1 7 17 27 37 47 38 48 39 29 19 9 3 1 10 20 30 40 49 39 29 19 9 3 1 10 20 30 40 29 19 9 3 1 10 20 30 19 9 3 1 10 20 9 3 1 10 3 1 1 3 1 10 9 3 1 10 20 19 9 3 1 10 20 30 29 19 9 3 1 10 20 30 40 39 29 19 9 3 1 10 20 30 40 29 19 9 3 1 10 20 30 19 9 3 1 10 20 9 3 1 10 3 1 1 3 1 10 9 3 1 10 20 19 9 3 1 10 20 30 29 19 9 3 1 10 20 30 19 9 3 1 10 20 9 3 1 10 3 1 1 3 1 10 9 3 1 10 20 19 9 3 1 10 20 9 3 1 10 3 1 1 3 1 10 9 3 1 10 3 1 1 3 1 1 1 3 1 10 3 1 1 3 1 10 9 3 1 10 20 9 3 1 10 3 1 1 3 1 10 9 3 1 10 20 19 9 3 1 10 20 30 19 9 3 1 10 20 9 3 1 10 3 1 1 3 1 10 9 3 1 10 20 19 9 3 1 10 20 30 29 19 9 3 1 10 20 30 40 29 19 9 3 1 10 20 30 19 9 3 1 10 20 9 3 1 10 3 1 1 3 1 10 9 3 1 10 20 19 9 3 1 10 20 30 29 19 9 3 1 10 20 30 19 9 3 1 10 20 9 3 1 10 3 1 1 3 1 10 9 3 1 10 20 19 9 3 1 10 20 9 3 1 10 3 1 1 3 1 10 9 3 1 10 3 1 1 3 1 1 1 3 1 10 3 1 1 3 1 10 9 3 1 10 20 9 3 1 10 3 1 1 3 1 10 9 3 1 10 20 19 9 3 1 10 20 30 19 9 3 1 10 20 9 3 1 10 3 1 1 3 1 10 9 3 1 10 20 19 9 3 1 10 20 9 3 1 10 3 1 1 3 1 10 9 3 1 10 3 1 1 3 1 1 1 3 1 10 3 1 1 3 1 10 9 3 1 10 20 9 3 1 10 3 1 1 3 1 10 9 3 1 10 3 1 1 3 1 1 1 3 1 10 3 1 1 3 1 1 1 1 3 1 1 1 3 1 10 3 1 1 3 1 10 9 3 1 10 3 1 1 3 1 1 1 3 1 10 3 1 1 3 1 10 9 3 1 10 20 9 3 1 10 3 1 1 3 1 10 9 3 1 10 20 19 9 3 1 10 20 9 3 1 10 3 1 1 3 1 10 9 3 1 10 3 1 1 3 1 1 1 3 1 10 3 1 1 3 1 10 9 3 1 10 20 9 3 1 10 3 1 1 3 1 10 9 3 1 10 20 19 9 3 1 10 20 30 19 9 3 1 10 20 9 3 1 10 3 1 1 3 1 10 9 3 1 10 20 19 9 3 1 10 20 30 29 19 9 3 1 10 20 30 19 9 3 1 10 20 9 3 1 10 3 1 1 3 1 10 9 3 1 10 20 19 9 3 1 10 20 9 3 1 10 3 1 1 3 1 10 9 3 1 10 3 1 1 3 1 1 1 3 1 10 3 1 1 3 1 10 9 3 1 10 20 9 3 1 10 3 1 1 3 1 10 9 3 1 10 20 19 9 3 1 10 20 30 19 9 3 1 10 20 9 3 1 10 3 1 1 3 1 10 9 3 1 10 20 19 9 3 1 10 20 9 3 1 10 3 1 1 3 1 10 9 3 1 10 3 1 1 3 1 1 1 3 1 10 3 1 1 3 1 10 9 3 1 10 20 9 3 1 10 3 1 1 3 1 10 9 3 1 10 3 1 1 3 1 1 1 3 1 10 3 1 1 3 1 1 1 1 3 1 1 1 3 1 10 3 1 1 3 1 10 9 3 1 10 3 1 1 3 1 1 1 3 1 10 3 1 1 3 1 10 9 3 1 10 20 9 3 1 10 3 1 1 3 1 10 9 3 1 10 20 19 9 3 1 10 20 9 3 1 10 3 1 1 3 1 10 9 3 1 10 3 1 1 3 1 1 1 3 1 10 3 1 1 3 1 10 9 3 1 10 20 9 3 1 10 3 1 1 3 1 10 9 3 1 10 3 1 1 3 1 1 1 3 1 10 3 1 1 3 1 1 1 1 3 1 1 1 3 1 10 3 1 1 3 1 10 9 3 1 10 3 1 1 3 1 1 1 3 1 10 3 1 1 3 1 1 1 1 3 1 1 1 1 1 3 1 1 1 3 1 10 3 1 1 3 1 1 1 1 3 1 1 1 3 1 10 3 1 1 3 1 10 9 3 1 10 3 1 1 3 1 1 1 3 1 10 3 1 1 3 1 10 9 3 1 10 20 9 3 1 10 3 1 1 3 1 10 9 3 1 10 3 1 1 3 1 1 1 3 1 10 3 1 1 3 1 1 1 1 3 1 1 1 3 1 10 3 1 1 3 1 10 9 3 1 10 3 1 1 3 1 1 1 3 1 10 3 1 1 3 1 10 9 3 1 10 20 9 3 1 10 3 1 1 3 1 10 9 3 1 10 20 19 9 3 1 10 20 9 3 1 10 3 1 1 3 1 10 9 3 1 10 3 1 1 3 1 1 1 3 1 10 3 1 1 3 1 10 9 3 1 10 20 9 3 1 10 3 1 1 3 1 10 9 3 1 10 20 19 9 3 1 10 20 30 19 9 3 1 10 20 9 3 1 10 3 1 1 3 1 10 9 3 1 10 20 19 9 3 1 10 20 9 3 1 10 3 1 1 3 1 10 9 3 1 10 3 1 1 3 1 1 1 3 1 10 3 1 1 3 1 10 9 3 1 10 20 9 3 1 10 3 1 1 3 1 10 9 3 1 10 3 1 1 3 1 1 1 3 1 10 3 1 1 3 1 1 1 1 3 1 1 1 3 1 10 3 1 1 3 1 10 9 3 1 10 3 1 1 3 1 1 1 3 1 10 3 1 1 3 1 10 9 3 1 10 20 9 3 1 10 3 1 1 3 1 10 9 3 1 10 20 19 9 3 1 10 20 9 3 1 10 3 1 1 3 1 10 9 3 1 10 3 1 1 3 1 1 1 3 1 10 3 1 1 3 1 10 9 3 1 10 20 9 3 1 10 3 1 1 3 1 10 9 3 1 10 3 1 1 3 1 1 1 3 1 10 3 1 1 3 1 1 1 1 3 1 1 1 3 1 10 3 1 1 3 1 10 9 3 1 10 3 1 1 3 1 1 1 3 1 10 3 1 1 3 1 1 1 1 3 1 1 1 1 1 3 1 1 1 3 1 10 3 1 1 3 1 1 1 1 3 1 1 1 3 1 10 3 1 1 3 1 10 9 3 1 10 3 1 1 3 1 1 1 3 1 10 3 1 1 3 1 10 9 3 1 10 20 9 3 1 10 3 1 1 3 1 10 9 3 1 10 3 1 1 3 1 1 1 3 1 10 3 1 1 3 1 1 1 1 3 1 1 1 3 1 10 3 1 1 3 1 10 9 3 1 10 3 1 1 3 1 1 1 3 1 10 3 1 1 3 1 1 1 1 3 1 1 1 1 1 3 1 1 1 3 1 10 3 1 1 3 1 1 1 1 3 1 1 1 1 1 1 3 1 1 1 1 1 3 1 1 1 3 1 10 3 1 1 3 1 1 1 1 3 1 1 1 3 1 10 3 1 1 3 1 10 9 3 1 10 3 1 1 3 1 1 1 3 1 10 3 1 1 3 1 1 1 1 3 1 1 1 1 1 3 1 1 1 3 1 10 3 1 1 3 1 1 1 1 3 1 1 1 3 1 10 3 1 1 3 1 10 9 3 1 10 3 1 1 3 1 1 1 3 1 10 3 1 1 3 1 10 9 3 1 10 20 9 3 1 10 3 1 1 3 1 10 9 3 1 10 3 1 1 3 1 1 1 3 1 10 3 1 1 3 1 1 1 1 3 1 1 1 3 1 10 3 1 1 3 1 10 9 3 1 10 3 1 1 3 1 1 1 3 1 10 3 1 1 3 1 10 9 3 1 10 20 9 3 1 10 3 1 1 3 1 10 9 3 1 10 20 19 9 3 1 10 20 9 3 1 10 3 1 1 3 1 10 9 3 1 10 3 1 1 3 1 1 1 3 1 10 3 1 1 3 1 10 9 3 1 10 20 9 3 1 10 3 1 1 3 1 10 9 3 1 10 3 1 1 3 1 1 1 3 1 10 3 1 1 3 1 1 1 1 3 1 1 1 3 1 10 3 1 1 3 1 10 9 3 1 10 3 1 1 3 1 1 1 3 1 10 3 1 1 3 1 1 1 1 3 1 1 1 1 1 3 1 1 1 3 1 10 3 1 1 3 1 1 1 1 3 1 1 1 3 1 10 3 1 1 3 1 10 9 3 1 10 3 1 1 3 1 1 1 3 1 10 3 1 1 3 1 10 9 3 1 10 20 9 3 1 10 3 1 1 3 1 10 9 3 1 10 3 1 1 3 1 1 1 3 1 10 3 1 1 3 1 1 1 1 3 1 1 1 3 1 10 3 1 1 3 1 10 9 3 1 10 3 1 1 3 1 1 1 3 1 10 3 1 1 3 1 1 1 1 3 1 1 1 1 1 3 1 1 1 3 1 10 3 1 1 3 1 1 1 1 3 1 1 1 1 1 1 3 1 1 1 1 1 3 1 1 1 3 1 10 3 1 1 3 1 1 1 1 3 1 1 1 3 1 10 3 1 1 3 1 10 9 3 1 10 3 1 1 3 1 1 1 3 1 10 3 1 1 3 1 1 1 1 3 1 1 1 1 1 3 1 1 1 3 1 10 3 1 1 3 1 1 1 1 3 1 1 1 1 1 1 3 1 1 1 1 1 1 1 3 1 1 1 1 1 3 1 1 1 3 1 10 3 1 1 3 1 1 1 1 3 1 1 1 1 1 1 3 1 1 1 1 1 3 1 1 1 3 1 10 3 1 1 3 1 1 1 1 3 1 1 1 3 1 10 3 1 1 3 1 10 9 3 1 10 3 1 1 3 1 1 1 3 1 10 3 1 1 3 1 1 1 1 3 1 1 1 1 1 3 1 1 1 3 1 10 3 1 1 3 1 1 1 1 3 1 1 1 3 1 10 3 1 1 3 1 10 9 3 1 10 3 1 1 3 1 1 1 3 1 10 3 1 1 3 1 10 9 3 1 10 20 9 3 1 10 3 1 1 3 1 10 9 3 1 10 3 1 1 3 1 1 1 3 1 10 3 1 1 3 1 1 1 1 3 1 1 1 3 1 10 3 1 1 3 1 10 9 3 1 10 3 1 1 3 1 1 1 3 1 10 3 1 1 3 1 1 1 1 3 1 1 1 1 1 3 1 1 1 3 1 10 3 1 1 3 1 1 1 1 3 1 1 1 1 1 1 3 1 1 1 1 1 3 1 1 1 3 1 10 3 1 1 3 1 1 1 1 3 1 1 1 3 1 10 3 1 1 3 1 10 9 3 1 10 3 1 1 3 1 1 1 3 1 10 3 1 1 3 1 1 1 1 3 1 1 1 1 1 3 1 1 1 3 1 10 3 1 1 3 1 1 1 1 3 1 1 1 1 1 1 3 1 1 1 1 1 1 1 3 1 1 1 1 1 3 1 1 1 3 1 10 3 1 1 3 1 1 1 1 3 1 1 1 1 1 1 3 1 1 1 1 1 1 1 1 3 1 1 1 1 1 1 1 3 1 1 1 1 1 3 1 1 1 3 1 10 3 1 1 3 1 1 1 1 3 1 1 1 1 1 1 3 1 1 1 1 1 3 1 1 1 3 1 10 3 1 1 3 1 1 1 1 3 1 1 1 3 1 10 3 1 1 3 1 10 9 3 1 10 3 1 1 3 1 1 1 3 1 10 3 1 1 3 1 1 1 1 3 1 1 1 1 1 3 1 1 1 3 1 10 3 1 1 3 1 1 1 1 3 1 1 1 1 1 1 3 1 1 1 1 1 1 1 3 1 1 1 1 1 3 1 1 1 3 1 10 3 1 1 3 1 1 1 1 3 1 1 1 1 1 1 3 1 1 1 1 1 1 1 1 3 1 1 1 1 1 1 1 1 1 3 1 1 1 1 1 1 1 3 1 1 1 1 1 3 1 1 1 3 1 10 3 1 1 3 1 1 1 1 3 1 1 1 1 1 1 3 1 1 1 1 1 1 1 1 3 1 1 1 1 1 1 1 1 1 1 3 1 1 1 1 1 1 1 1 1 1 1 1 4 1 1 1 1 1 1 1 1 1 1 4 1 1 1 1 1 1 1 1 4 1 1 1 1 1 1 4 1 1 1 1 4 1 1 4 11 1 4 1 1 1 4 1 1 1 1 1 4 1 1 1 1 1 1 1 4 1 1 1 1 1 1 1 1 1 4 1 1 1 1 1 1 1 1 4 1 1 1 1 1 1 4 1 1 1 1 4 1 1 4 11 1 4 1 1 1 4 1 1 1 1 1 4 1 1 1 1 1 1 1 4 1 1 1 1 1 1 4 1 1 1 1 4 1 1 4 11 1 4 1 1 1 4 1 1 1 1 1 4 1 1 1 1 4 1 1 4 11 1 4 1 1 1 4 1 1 4 11 1 4 12 11 1 4 1 1 4 11 1 4 1 1 1 4 1 1 1 1 4 1 1 4 11 1 4 1 1 1 4 1 1 1 1 1 4 1 1 1 1 1 1 4 1 1 1 1 4 1 1 4 11 1 4 1 1 1 4 1 1 1 1 1 4 1 1 1 1 1 1 1 4 1 1 1 1 1 1 1 1 4 1 1 1 1 1 1 4 1 1 1 1 4 1 1 4 11 1 4 1 1 1 4 1 1 1 1 1 4 1 1 1 1 1 1 1 4 1 1 1 1 1 1 4 1 1 1 1 4 1 1 4 11 1 4 1 1 1 4 1 1 1 1 1 4 1 1 1 1 4 1 1 4 11 1 4 1 1 1 4 1 1 4 11 1 4 12 11 1 4 1 1 4 11 1 4 1 1 1 4 1 1 1 1 4 1 1 4 11 1 4 1 1 1 4 1 1 1 1 1 4 1 1 1 1 1 1 4 1 1 1 1 4 1 1 4 11 1 4 1 1 1 4 1 1 1 1 1 4 1 1 1 1 4 1 1 4 11 1 4 1 1 1 4 1 1 4 11 1 4 12 11 1 4 1 1 4 11 1 4 1 1 1 4 1 1 1 1 4 1 1 4 11 1 4 1 1 1 4 1 1 4 11 1 4 12 11 1 4 1 1 4 11 1 4 12 21 11 1 4 12 11 1 4 1 1 4 11 1 4 1 1 1 4 1 1 4 11 1 4 12 11 1 4 1 1 4 11 1 4 1 1 1 4 1 1 1 1 4 1 1 4 11 1 4 1 1 1 4 1 1 1 1 1 4 1 1 1 1 4 1 1 4 11 1 4 1 1 1 4 1 1 4 11 1 4 12 11 1 4 1 1 4 11 1 4 1 1 1 4 1 1 1 1 4 1 1 4 11 1 4 1 1 1 4 1 1 1 1 1 4 1 1 1 1 1 1 4 1 1 1 1 4 1 1 4 11 1 4 1 1 1 4 1 1 1 1 1 4 1 1 1 1 1 1 1 4 1 1 1 1 1 1 4 1 1 1 1 4 1 1 4 11 1 4 1 1 1 4 1 1 1 1 1 4 1 1 1 1 4 1 1 4 11 1 4 1 1 1 4 1 1 4 11 1 4 12 11 1 4 1 1 4 11 1 4 1 1 1 4 1 1 1 1 4 1 1 4 11 1 4 1 1 1 4 1 1 1 1 1 4 1 1 1 1 1 1 4 1 1 1 1 4 1 1 4 11 1 4 1 1 1 4 1 1 1 1 1 4 1 1 1 1 4 1 1 4 11 1 4 1 1 1 4 1 1 4 11 1 4 12 11 1 4 1 1 4 11 1 4 1 1 1 4 1 1 1 1 4 1 1 4 11 1 4 1 1 1 4 1 1 4 11 1 4 12 11 1 4 1 1 4 11 1 4 12 21 11 1 4 12 11 1 4 1 1 4 11 1 4 1 1 1 4 1 1 4 11 1 4 12 11 1 4 1 1 4 11 1 4 1 1 1 4 1 1 1 1 4 1 1 4 11 1 4 1 1 1 4 1 1 1 1 1 4 1 1 1 1 4 1 1 4 11 1 4 1 1 1 4 1 1 4 11 1 4 12 11 1 4 1 1 4 11 1 4 1 1 1 4 1 1 1 1 4 1 1 4 11 1 4 1 1 1 4 1 1 4 11 1 4 12 11 1 4 1 1 4 11 1 4 12 21 11 1 4 12 11 1 4 1 1 4 11 1 4 1 1 1 4 1 1 4 11 1 4 12 11 1 4 1 1 4 11 1 4 12 21 11 1 4 12 22 21 11 1 4 12 11 1 4 1 1 4 11 1 4 12 21 11 1 4 12 11 1 4 1 1 4 11 1 4 1 1 1 4 1 1 4 11 1 4 12 11 1 4 1 1 4 11 1 4 1 1 1 4 1 1 1 1 4 1 1 4 11 1 4 1 1 1 4 1 1 4 11 1 4 12 11 1 4 1 1 4 11 1 4 12 21 11 1 4 12 11 1 4 1 1 4 11 1 4 1 1 1 4 1 1 4 11 1 4 12 11 1 4 1 1 4 11 1 4 1 1 1 4 1 1 1 1 4 1 1 4 11 1 4 1 1 1 4 1 1 1 1 1 4 1 1 1 1 4 1 1 4 11 1 4 1 1 1 4 1 1 4 11 1 4 12 11 1 4 1 1 4 11 1 4 1 1 1 4 1 1 1 1 4 1 1 4 11 1 4 1 1 1 4 1 1 1 1 1 4 1 1 1 1 1 1 4 1 1 1 1 4 1 1 4 11 1 4 1 1 1 4 1 1 1 1 1 4 1 1 1 1 4 1 1 4 11 1 4 1 1 1 4 1 1 4 11 1 4 12 11 1 4 1 1 4 11 1 4 1 1 1 4 1 1 1 1 4 1 1 4 11 1 4 1 1 1 4 1 1 4 11 1 4 12 11 1 4 1 1 4 11 1 4 12 21 11 1 4 12 11 1 4 1 1 4 11 1 4 1 1 1 4 1 1 4 11 1 4 12 11 1 4 1 1 4 11 1 4 1 1 1 4 1 1 1 1 4 1 1 4 11 1 4 1 1 1 4 1 1 1 1 1 4 1 1 1 1 4 1 1 4 11 1 4 1 1 1 4 1 1 4 11 1 4 12 11 1 4 1 1 4 11 1 4 1 1 1 4 1 1 1 1 4 1 1 4 11 1 4 1 1 1 4 1 1 4 11 1 4 12 11 1 4 1 1 4 11 1 4 12 21 11 1 4 12 11 1 4 1 1 4 11 1 4 1 1 1 4 1 1 4 11 1 4 12 11 1 4 1 1 4 11 1 4 12 21 11 1 4 12 22 21 11 1 4 12 11 1 4 1 1 4 11 1 4 12 21 11 1 4 12 11 1 4 1 1 4 11 1 4 1 1 1 4 1 1 4 11 1 4 12 11 1 4 1 1 4 11 1 4 1 1 1 4 1 1 1 1 4 1 1 4 11 1 4 1 1 1 4 1 1 4 11 1 4 12 11 1 4 1 1 4 11 1 4 12 21 11 1 4 12 11 1 4 1 1 4 11 1 4 1 1 1 4 1 1 4 11 1 4 12 11 1 4 1 1 4 11 1 4 12 21 11 1 4 12 22 21 11 1 4 12 11 1 4 1 1 4 11 1 4 12 21 11 1 4 12 22 31 21 11 1 4 12 22 21 11 1 4 12 11 1 4 1 1 4 11 1 4 12 21 11 1 4 12 11 1 4 1 1 4 11 1 4 1 1 1 4 1 1 4 11 1 4 12 11 1 4 1 1 4 11 1 4 12 21 11 1 4 12 22 21 11 1 4 12 11 1 4 1 1 4 11 1 4 12 21 11 1 4 12 11 1 4 1 1 4 11 1 4 1 1 1 4 1 1 4 11 1 4 12 11 1 4 1 1 4 11 1 4 1 1 1 4 1 1 1 1 4 1 1 4 11 1 4 1 1 1 4 1 1 4 11 1 4 12 11 1 4 1 1 4 11 1 4 12 21 11 1 4 12 11 1 4 1 1 4 11 1 4 1 1 1 4 1 1 4 11 1 4 12 11 1 4 1 1 4 11 1 4 1 1 1 4 1 1 1 1 4 1 1 4 11 1 4 1 1 1 4 1 1 1 1 1 4 1 1 1 1 4 1 1 4 11 1 4 1 1 1 4 1 1 4 11 1 4 12 11 1 4 1 1 4 11 1 4 1 1 1 4 1 1 1 1 4 1 1 4 11 1 4 1 1 1 4 1 1 4 11 1 4 12 11 1 4 1 1 4 11 1 4 12 21 11 1 4 12 11 1 4 1 1 4 11 1 4 1 1 1 4 1 1 4 11 1 4 12 11 1 4 1 1 4 11 1 4 12 21 11 1 4 12 22 21 11 1 4 12 11 1 4 1 1 4 11 1 4 12 21 11 1 4 12 11 1 4 1 1 4 11 1 4 1 1 1 4 1 1 4 11 1 4 12 11 1 4 1 1 4 11 1 4 1 1 1 4 1 1 1 1 4 1 1 4 11 1 4 1 1 1 4 1 1 4 11 1 4 12 11 1 4 1 1 4 11 1 4 12 21 11 1 4 12 11 1 4 1 1 4 11 1 4 1 1 1 4 1 1 4 11 1 4 12 11 1 4 1 1 4 11 1 4 12 21 11 1 4 12 22 21 11 1 4 12 11 1 4 1 1 4 11 1 4 12 21 11 1 4 12 22 31 21 11 1 4 12 22 21 11 1 4 12 11 1 4 1 1 4 11 1 4 12 21 11 1 4 12 11 1 4 1 1 4 11 1 4 1 1 1 4 1 1 4 11 1 4 12 11 1 4 1 1 4 11 1 4 12 21 11 1 4 12 22 21 11 1 4 12 11 1 4 1 1 4 11 1 4 12 21 11 1 4 12 22 31 21 11 1 4 12 22 32 31 21 11 1 4 12 22 21 11 1 4 12 11 1 4 1 1 4 11 1 4 12 21 11 1 4 12 22 31 21 11 1 4 12 22 21 11 1 4 12 11 1 4 1 1 4 11 1 4 12 21 11 1 4 12 11 1 4 1 1 4 11 1 4 1 1 1 4 1 1 4 11 1 4 12 11 1 4 1 1 4 11 1 4 12 21 11 1 4 12 22 21 11 1 4 12 11 1 4 1 1 4 11 1 4 12 21 11 1 4 12 11 1 4 1 1 4 11 1 4 1 1 1 4 1 1 4 11 1 4 12 11 1 4 1 1 4 11 1 4 1 1 1 4 1 1 1 1 4 1 1 4 11 1 4 1 1 1 4 1 1 4 11 1 4 12 11 1 4 1 1 4 11 1 4 12 21 11 1 4 12 11 1 4 1 1 4 11 1 4 1 1 1 4 1 1 4 11 1 4 12 11 1 4 1 1 4 11 1 4 12 21 11 1 4 12 22 21 11 1 4 12 11 1 4 1 1 4 11 1 4 12 21 11 1 4 12 22 31 21 11 1 4 12 22 21 11 1 4 12 11 1 4 1 1 4 11 1 4 12 21 11 1 4 12 11 1 4 1 1 4 11 1 4 1 1 1 4 1 1 4 11 1 4 12 11 1 4 1 1 4 11 1 4 12 21 11 1 4 12 22 21 11 1 4 12 11 1 4 1 1 4 11 1 4 12 21 11 1 4 12 22 31 21 11 1 4 12 22 32 31 21 11 1 4 12 22 21 11 1 4 12 11 1 4 1 1 4 11 1 4 12 21 11 1 4 12 22 31 21 11 1 4 12 22 32 41 31 21 11 1 4 12 22 32 31 21 11 1 4 12 22 21 11 1 4 12 11 1 4 1 1 4 11 1 4 12 21 11 1 4 12 22 31 21 11 1 4 12 22 21 11 1 4 12 11 1 4 1 1 4 11 1 4 12 21 11 1 4 12 11 1 4 1 1 4 11 1 4 1 1 1 4 1 1 4 11 1 4 12 11 1 4 1 1 4 11 1 4 12 21 11 1 4 12 22 21 11 1 4 12 11 1 4 1 1 4 11 1 4 12 21 11 1 4 12 22 31 21 11 1 4 12 22 32 31 21 11 1 4 12 22 21 11 1 4 12 11 1 4 1 1 4 11 1 4 12 21 11 1 4 12 22 31 21 11 1 4 12 22 32 41 31 21 11 1 4 12 22 32 42 41 31 21 11 1 4 12 22 32 31 21 11 1 4 12 22 21 11 1 4 12 11 1 4 1 1 4 11 1 4 12 21 11 1 4 12 22 31 21 11 1 4 12 22 32 41 31 21 11 1 4 12 22 32 42 50 41 31 21 11 1 4 12 22 32 42 43 51 43 44 34 24 14 6 1 3 15 25 35 45 52 44 34 24 14 6 1 3 15 25 35 45 34 24 14 6 1 3 15 25 35 24 14 6 1 3 15 25 14 6 1 3 15 6 1 3 1 1 3 6 1 3 15 14 6 1 3 15 25 24 14 6 1 3 15 25 35 34 24 14 6 1 3 15 25 35 45 44 34 24 14 6 1 3 15 25 35 45 34 24 14 6 1 3 15 25 35 24 14 6 1 3 15 25 14 6 1 3 15 6 1 3 1 1 3 6 1 3 15 14 6 1 3 15 25 24 14 6 1 3 15 25 35 34 24 14 6 1 3 15 25 35 24 14 6 1 3 15 25 14 6 1 3 15 6 1 3 1 1 3 6 1 3 15 14 6 1 3 15 25 24 14 6 1 3 15 25 14 6 1 3 15 6 1 3 1 1 3 6 1 3 15 14 6 1 3 15 6 1 3 1 1 3 6 1 3 1 1 1 3 1 1 3 6 1 3 15 6 1 3 1 1 3 6 1 3 15 14 6 1 3 15 25 14 6 1 3 15 6 1 3 1 1 3 6 1 3 15 14 6 1 3 15 25 24 14 6 1 3 15 25 35 24 14 6 1 3 15 25 14 6 1 3 15 6 1 3 1 1 3 6 1 3 15 14 6 1 3 15 25 24 14 6 1 3 15 25 35 34 24 14 6 1 3 15 25 35 45 34 24 14 6 1 3 15 25 35 24 14 6 1 3 15 25 14 6 1 3 15 6 1 3 1 1 3 6 1 3 15 14 6 1 3 15 25 24 14 6 1 3 15 25 35 34 24 14 6 1 3 15 25 35 24 14 6 1 3 15 25 14 6 1 3 15 6 1 3 1 1 3 6 1 3 15 14 6 1 3 15 25 24 14 6 1 3 15 25 14 6 1 3 15 6 1 3 1 1 3 6 1 3 15 14 6 1 3 15 6 1 3 1 1 3 6 1 3 1 1 1 3 1 1 3 6 1 3 15 6 1 3 1 1 3 6 1 3 15 14 6 1 3 15 25 14 6 1 3 15 6 1 3 1 1 3 6 1 3 15 14 6 1 3 15 25 24 14 6 1 3 15 25 35 24 14 6 1 3 15 25 14 6 1 3 15 6 1 3 1 1 3 6 1 3 15 14 6 1 3 15 25 24 14 6 1 3 15 25 14 6 1 3 15 6 1 3 1 1 3 6 1 3 15 14 6 1 3 15 6 1 3 1 1 3 6 1 3 1 1 1 3 1 1 3 6 1 3 15 6 1 3 1 1 3 6 1 3 15 14 6 1 3 15 25 14 6 1 3 15 6 1 3 1 1 3 6 1 3 15 14 6 1 3 15 6 1 3 1 1 3 6 1 3 1 1 1 3 1 1 3 6 1 3 15 6 1 3 1 1 3 6 1 3 1 1 1 3 1 1 1 1 3 1 1 3 6 1 3 1 1 1 3 1 1 3 6 1 3 15 6 1 3 1 1 3 6 1 3 15 14 6 1 3 15 6 1 3 1 1 3 6 1 3 1 1 1 3 1 1 3 6 1 3 15 6 1 3 1 1 3 6 1 3 15 14 6 1 3 15 25 14 6 1 3 15 6 1 3 1 1 3 6 1 3 15 14 6 1 3 15 25 24 14 6 1 3 15 25 14 6 1 3 15 6 1 3 1 1 3 6 1 3 15 14 6 1 3 15 6 1 3 1 1 3 6 1 3 1 1 1 3 1 1 3 6 1 3 15 6 1 3 1 1 3 6 1 3 15 14 6 1 3 15 25 14 6 1 3 15 6 1 3 1 1 3 6 1 3 15 14 6 1 3 15 25 24 14 6 1 3 15 25 35 24 14 6 1 3 15 25 14 6 1 3 15 6 1 3 1 1 3 6 1 3 15 14 6 1 3 15 25 24 14 6 1 3 15 25 35 34 24 14 6 1 3 15 25 35 24 14 6 1 3 15 25 14 6 1 3 15 6 1 3 1 1 3 6 1 3 15 14 6 1 3 15 25 24 14 6 1 3 15 25 14 6 1 3 15 6 1 3 1 1 3 6 1 3 15 14 6 1 3 15 6 1 3 1 1 3 6 1 3 1 1 1 3 1 1 3 6 1 3 15 6 1 3 1 1 3 6 1 3 15 14 6 1 3 15 25 14 6 1 3 15 6 1 3 1 1 3 6 1 3 15 14 6 1 3 15 25 24 14 6 1 3 15 25 35 24 14 6 1 3 15 25 14 6 1 3 15 6 1 3 1 1 3 6 1 3 15 14 6 1 3 15 25 24 14 6 1 3 15 25 14 6 1 3 15 6 1 3 1 1 3 6 1 3 15 14 6 1 3 15 6 1 3 1 1 3 6 1 3 1 1 1 3 1 1 3 6 1 3 15 6 1 3 1 1 3 6 1 3 15 14 6 1 3 15 25 14 6 1 3 15 6 1 3 1 1 3 6 1 3 15 14 6 1 3 15 6 1 3 1 1 3 6 1 3 1 1 1 3 1 1 3 6 1 3 15 6 1 3 1 1 3 6 1 3 1 1 1 3 1 1 1 1 3 1 1 3 6 1 3 1 1 1 3 1 1 3 6 1 3 15 6 1 3 1 1 3 6 1 3 15 14 6 1 3 15 6 1 3 1 1 3 6 1 3 1 1 1 3 1 1 3 6 1 3 15 6 1 3 1 1 3 6 1 3 15 14 6 1 3 15 25 14 6 1 3 15 6 1 3 1 1 3 6 1 3 15 14 6 1 3 15 25 24 14 6 1 3 15 25 14 6 1 3 15 6 1 3 1 1 3 6 1 3 15 14 6 1 3 15 6 1 3 1 1 3 6 1 3 1 1 1 3 1 1 3 6 1 3 15 6 1 3 1 1 3 6 1 3 15 14 6 1 3 15 25 14 6 1 3 15 6 1 3 1 1 3 6 1 3 15 14 6 1 3 15 6 1 3 1 1 3 6 1 3 1 1 1 3 1 1 3 6 1 3 15 6 1 3 1 1 3 6 1 3 1 1 1 3 1 1 1 1 3 1 1 3 6 1 3 1 1 1 3 1 1 3 6 1 3 15 6 1 3 1 1 3 6 1 3 15 14 6 1 3 15 6 1 3 1 1 3 6 1 3 1 1 1 3 1 1 3 6 1 3 15 6 1 3 1 1 3 6 1 3 1 1 1 3 1 1 1 1 3 1 1 3 6 1 3 1 1 1 3 1 1 1 1 1 3 1 1 1 1 3 1 1 3 6 1 3 1 1 1 3 1 1 3 6 1 3 15 6 1 3 1 1 3 6 1 3 1 1 1 3 1 1 1 1 3 1 1 3 6 1 3 1 1 1 3 1 1 3 6 1 3 15 6 1 3 1 1 3 6 1 3 15 14 6 1 3 15 6 1 3 1 1 3 6 1 3 1 1 1 3 1 1 3 6 1 3 15 6 1 3 1 1 3 6 1 3 15 14 6 1 3 15 25 14 6 1 3 15 6 1 3 1 1 3 6 1 3 15 14 6 1 3 15 6 1 3 1 1 3 6 1 3 1 1 1 3 1 1 3 6 1 3 15 6 1 3 1 1 3 6 1 3 1 1 1 3 1 1 1 1 3 1 1 3 6 1 3 1 1 1 3 1 1 3 6 1 3 15 6 1 3 1 1 3 6 1 3 15 14 6 1 3 15 6 1 3 1 1 3 6 1 3 1 1 1 3 1 1 3 6 1 3 15 6 1 3 1 1 3 6 1 3 15 14 6 1 3 15 25 14 6 1 3 15 6 1 3 1 1 3 6 1 3 15 14 6 1 3 15 25 24 14 6 1 3 15 25 14 6 1 3 15 6 1 3 1 1 3 6 1 3 15 14 6 1 3 15 6 1 3 1 1 3 6 1 3 1 1 1 3 1 1 3 6 1 3 15 6 1 3 1 1 3 6 1 3 15 14 6 1 3 15 25 14 6 1 3 15 6 1 3 1 1 3 6 1 3 15 14 6 1 3 15 25 24 14 6 1 3 15 25 35 24 14 6 1 3 15 25 14 6 1 3 15 6 1 3 1 1 3 6 1 3 15 14 6 1 3 15 25 24 14 6 1 3 15 25 14 6 1 3 15 6 1 3 1 1 3 6 1 3 15 14 6 1 3 15 6 1 3 1 1 3 6 1 3 1 1 1 3 1 1 3 6 1 3 15 6 1 3 1 1 3 6 1 3 15 14 6 1 3 15 25 14 6 1 3 15 6 1 3 1 1 3 6 1 3 15 14 6 1 3 15 6 1 3 1 1 3 6 1 3 1 1 1 3 1 1 3 6 1 3 15 6 1 3 1 1 3 6 1 3 1 1 1 3 1 1 1 1 3 1 1 3 6 1 3 1 1 1 3 1 1 3 6 1 3 15 6 1 3 1 1 3 6 1 3 15 14 6 1 3 15 6 1 3 1 1 3 6 1 3 1 1 1 3 1 1 3 6 1 3 15 6 1 3 1 1 3 6 1 3 15 14 6 1 3 15 25 14 6 1 3 15 6 1 3 1 1 3 6 1 3 15 14 6 1 3 15 25 24 14 6 1 3 15 25 14 6 1 3 15 6 1 3 1 1 3 6 1 3 15 14 6 1 3 15 6 1 3 1 1 3 6 1 3 1 1 1 3 1 1 3 6 1 3 15 6 1 3 1 1 3 6 1 3 15 14 6 1 3 15 25 14 6 1 3 15 6 1 3 1 1 3 6 1 3 15 14 6 1 3 15 6 1 3 1 1 3 6 1 3 1 1 1 3 1 1 3 6 1 3 15 6 1 3 1 1 3 6 1 3 1 1 1 3 1 1 1 1 3 1 1 3 6 1 3 1 1 1 3 1 1 3 6 1 3 15 6 1 3 1 1 3 6 1 3 15 14 6 1 3 15 6 1 3 1 1 3 6 1 3 1 1 1 3 1 1 3 6 1 3 15 6 1 3 1 1 3 6 1 3 1 1 1 3 1 1 1 1 3 1 1 3 6 1 3 1 1 1 3 1 1 1 1 1 3 1 1 1 1 3 1 1 3 6 1 3 1 1 1 3 1 1 3 6 1 3 15 6 1 3 1 1 3 6 1 3 1 1 1 3 1 1 1 1 3 1 1 3 6 1 3 1 1 1 3 1 1 3 6 1 3 15 6 1 3 1 1 3 6 1 3 15 14 6 1 3 15 6 1 3 1 1 3 6 1 3 1 1 1 3 1 1 3 6 1 3 15 6 1 3 1 1 3 6 1 3 15 14 6 1 3 15 25 14 6 1 3 15 6 1 3 1 1 3 6 1 3 15 14 6 1 3 15 6 1 3 1 1 3 6 1 3 1 1 1 3 1 1 3 6 1 3 15 6 1 3 1 1 3 6 1 3 1 1 1 3 1 1 1 1 3 1 1 3 6 1 3 1 1 1 3 1 1 3 6 1 3 15 6 1 3 1 1 3 6 1 3 15 14 6 1 3 15 6 1 3 1 1 3 6 1 3 1 1 1 3 1 1 3 6 1 3 15 6 1 3 1 1 3 6 1 3 1 1 1 3 1 1 1 1 3 1 1 3 6 1 3 1 1 1 3 1 1 1 1 1 3 1 1 1 1 3 1 1 3 6 1 3 1 1 1 3 1 1 3 6 1 3 15 6 1 3 1 1 3 6 1 3 1 1 1 3 1 1 1 1 3 1 1 3 6 1 3 1 1 1 3 1 1 1 1 1 3 1 1 1 1 1 1 3 1 1 1 1 3 1 1 3 6 1 3 1 1 1 3 1 1 1 1 1 3 1 1 1 1 3 1 1 3 6 1 3 1 1 1 3 1 1 3 6 1 3 15 6 1 3 1 1 3 6 1 3 1 1 1 3 1 1 1 1 3 1 1 3 6 1 3 1 1 1 3 1 1 3 6 1 3 15 6 1 3 1 1 3 6 1 3 15 14 6 1 3 15 6 1 3 1 1 3 6 1 3 1 1 1 3 1 1 3 6 1 3 15 6 1 3 1 1 3 6 1 3 1 1 1 3 1 1 1 1 3 1 1 3 6 1 3 1 1 1 3 1 1 1 1 1 3 1 1 1 1 3 1 1 3 6 1 3 1 1 1 3 1 1 3 6 1 3 15 6 1 3 1 1 3 6 1 3 1 1 1 3 1 1 1 1 3 1 1 3 6 1 3 1 1 1 3 1 1 3 6 1 3 15 6 1 3 1 1 3 6 1 3 15 14 6 1 3 15 6 1 3 1 1 3 6 1 3 1 1 1 3 1 1 3 6 1 3 15 6 1 3 1 1 3 6 1 3 15 14 6 1 3 15 25 14 6 1 3 15 6 1 3 1 1 3 6 1 3 15 14 6 1 3 15 6 1 3 1 1 3 6 1 3 1 1 1 3 1 1 3 6 1 3 15 6 1 3 1 1 3 6 1 3 1 1 1 3 1 1 1 1 3 1 1 3 6 1 3 1 1 1 3 1 1 3 6 1 3 15 6 1 3 1 1 3 6 1 3 15 14 6 1 3 15 6 1 3 1 1 3 6 1 3 1 1 1 3 1 1 3 6 1 3 15 6 1 3 1 1 3 6 1 3 15 14 6 1 3 15 25 14 6 1 3 15 6 1 3 1 1 3 6 1 3 15 14 6 1 3 15 25 24 14 6 1 3 15 25 14 6 1 3 15 6 1 3 1 1 3 6 1 3 15 14 6 1 3 15 6 1 3 1 1 3 6 1 3 1 1 1 3 1 1 3 6 1 3 15 6 1 3 1 1 3 6 1 3 15 14 6 1 3 15 25 14 6 1 3 15 6 1 3 1 1 3 6 1 3 15 14 6 1 3 15 6 1 3 1 1 3 6 1 3 1 1 1 3 1 1 3 6 1 3 15 6 1 3 1 1 3 6 1 3 1 1 1 3 1 1 1 1 3 1 1 3 6 1 3 1 1 1 3 1 1 3 6 1 3 15 6 1 3 1 1 3 6 1 3 15 14 6 1 3 15 6 1 3 1 1 3 6 1 3 1 1 1 3 1 1 3 6 1 3 15 6 1 3 1 1 3 6 1 3 1 1 1 3 1 1 1 1 3 1 1 3 6 1 3 1 1 1 3 1 1 1 1 1 3 1 1 1 1 3 1 1 3 6 1 3 1 1 1 3 1 1 3 6 1 3 15 6 1 3 1 1 3 6 1 3 1 1 1 3 1 1 1 1 3 1 1 3 6 1 3 1 1 1 3 1 1 3 6 1 3 15 6 1 3 1 1 3 6 1 3 15 14 6 1 3 15 6 1 3 1 1 3 6 1 3 1 1 1 3 1 1 3 6 1 3 15 6 1 3 1 1 3 6 1 3 15 14 6 1 3 15 25 14 6 1 3 15 6 1 3 1 1 3 6 1 3 15 14 6 1 3 15 6 1 3 1 1 3 6 1 3 1 1 1 3 1 1 3 6 1 3 15 6 1 3 1 1 3 6 1 3 1 1 1 3 1 1 1 1 3 1 1 3 6 1 3 1 1 1 3 1 1 3 6 1 3 15 6 1 3 1 1 3 6 1 3 15 14 6 1 3 15 6 1 3 1 1 3 6 1 3 1 1 1 3 1 1 3 6 1 3 15 6 1 3 1 1 3 6 1 3 1 1 1 3 1 1 1 1 3 1 1 3 6 1 3 1 1 1 3 1 1 1 1 1 3 1 1 1 1 3 1 1 3 6 1 3 1 1 1 3 1 1 3 6 1 3 15 6 1 3 1 1 3 6 1 3 1 1 1 3 1 1 1 1 3 1 1 3 6 1 3 1 1 1 3 1 1 1 1 1 3 1 1 1 1 1 1 3 1 1 1 1 3 1 1 3 6 1 3 1 1 1 3 1 1 1 1 1 3 1 1 1 1 3 1 1 3 6 1 3 1 1 1 3 1 1 3 6 1 3 15 6 1 3 1 1 3 6 1 3 1 1 1 3 1 1 1 1 3 1 1 3 6 1 3 1 1 1 3 1 1 3 6 1 3 15 6 1 3 1 1 3 6 1 3 15 14 6 1 3 15 6 1 3 1 1 3 6 1 3 1 1 1 3 1 1 3 6 1 3 15 6 1 3 1 1 3 6 1 3 1 1 1 3 1 1 1 1 3 1 1 3 6 1 3 1 1 1 3 1 1 1 1 1 3 1 1 1 1 3 1 1 3 6 1 3 1 1 1 3 1 1 3 6 1 3 15 6 1 3 1 1 3 6 1 3 1 1 1 3 1 1 1 1 3 1 1 3 6 1 3 1 1 1 3 1 1 1 1 1 3 1 1 1 1 1 1 3 1 1 1 1 3 1 1 3 6 1 3 1 1 1 3 1 1 1 1 1 3 1 1 1 1 1 1 1 3 1 1 1 1 1 1 3 1 1 1 1 3 1 1 3 6 1 3 1 1 1 3 1 1 1 1 1 3 1 1 1 1 3 1 1 3 6 1 3 1 1 1 3 1 1 3 6 1 3 15 6 1 3 1 1 3 6 1 3 1 1 1 3 1 1 1 1 3 1 1 3 6 1 3 1 1 1 3 1 1 1 1 1 3 1 1 1 1 1 1 3 1 1 1 1 3 1 1 3 6 1 3 1 1 1 3 1 1 1 1 1 3 1 1 1 1 3 1 1 3 6 1 3 1 1 1 3 1 1 3 6 1 3 15 6 1 3 1 1 3 6 1 3 1 1 1 3 1 1 1 1 3 1 1 3 6 1 3 1 1 1 3 1 1 3 6 1 3 15 6 1 3 1 1 3 6 1 3 15 14 6 1 3 15 6 1 3 1 1 3 6 1 3 1 1 1 3 1 1 3 6 1 3 15 6 1 3 1 1 3 6 1 3 1 1 1 3 1 1 1 1 3 1 1 3 6 1 3 1 1 1 3 1 1 1 1 1 3 1 1 1 1 3 1 1 3 6 1 3 1 1 1 3 1 1 3 6 1 3 15 6 1 3 1 1 3 6 1 3 1 1 1 3 1 1 1 1 3 1 1 3 6 1 3 1 1 1 3 1 1 3 6 1 3 15 6 1 3 1 1 3 6 1 3 15 14 6 1 3 15 6 1 3 1 1 3 6 1 3 1 1 1 3 1 1 3 6 1 3 15 6 1 3 1 1 3 6 1 3 15 14 6 1 3 15 25 14 6 1 3 15 6 1 3 1 1 3 6 1 3 15 14 6 1 3 15 6 1 3 1 1 3 6 1 3 1 1 1 3 1 1 3 6 1 3 15 6 1 3 1 1 3 6 1 3 1 1 1 3 1 1 1 1 3 1 1 3 6 1 3 1 1 1 3 1 1 3 6 1 3 15 6 1 3 1 1 3 6 1 3 15 14 6 1 3 15 6 1 3 1 1 3 6 1 3 1 1 1 3 1 1 3 6 1 3 15 6 1 3 1 1 3 6 1 3 1 1 1 3 1 1 1 1 3 1 1 3 6 1 3 1 1 1 3 1 1 1 1 1 3 1 1 1 1 3 1 1 3 6 1 3 1 1 1 3 1 1 3 6 1 3 15 6 1 3 1 1 3 6 1 3 1 1 1 3 1 1 1 1 3 1 1 3 6 1 3 1 1 1 3 1 1 1 1 1 3 1 1 1 1 1 1 3 1 1 1 1 3 1 1 3 6 1 3 1 1 1 3 1 1 1 1 1 3 1 1 1 1 3 1 1 3 6 1 3 1 1 1 3 1 1 3 6 1 3 15 6 1 3 1 1 3 6 1 3 1 1 1 3 1 1 1 1 3 1 1 3 6 1 3 1 1 1 3 1 1 3 6 1 3 15 6 1 3 1 1 3 6 1 3 15 14 6 1 3 15 6 1 3 1 1 3 6 1 3 1 1 1 3 1 1 3 6 1 3 15 6 1 3 1 1 3 6 1 3 1 1 1 3 1 1 1 1 3 1 1 3 6 1 3 1 1 1 3 1 1 1 1 1 3 1 1 1 1 3 1 1 3 6 1 3 1 1 1 3 1 1 3 6 1 3 15 6 1 3 1 1 3 6 1 3 1 1 1 3 1 1 1 1 3 1 1 3 6 1 3 1 1 1 3 1 1 1 1 1 3 1 1 1 1 1 1 3 1 1 1 1 3 1 1 3 6 1 3 1 1 1 3 1 1 1 1 1 3 1 1 1 1 1 1 1 3 1 1 1 1 1 1 3 1 1 1 1 3 1 1 3 6 1 3 1 1 1 3 1 1 1 1 1 3 1 1 1 1 3 1 1 3 6 1 3 1 1 1 3 1 1 3 6 1 3 15 6 1 3 1 1 3 6 1 3 1 1 1 3 1 1 1 1 3 1 1 3 6 1 3 1 1 1 3 1 1 1 1 1 3 1 1 1 1 1 1 3 1 1 1 1 3 1 1 3 6 1 3 1 1 1 3 1 1 1 1 1 3 1 1 1 1 1 1 1 3 1 1 1 1 1 1 1 1 3 1 1 1 1 1 1 3 1 1 1 1 3 1 1 3 6 1 3 1 1 1 3 1 1 1 1 1 3 1 1 1 1 1 1 1 3 1 1 1 1 1 1 3 1 1 1 1 3 1 1 3 6 1 3 1 1 1 3 1 1 1 1 1 3 1 1 1 1 3 1 1 3 6 1 3 1 1 1 3 1 1 3 6 1 3 15 6 1 3 1 1 3 6 1 3 1 1 1 3 1 1 1 1 3 1 1 3 6 1 3 1 1 1 3 1 1 1 1 1 3 1 1 1 1 1 1 3 1 1 1 1 3 1 1 3 6 1 3 1 1 1 3 1 1 1 1 1 3 1 1 1 1 3 1 1 3 6 1 3 1 1 1 3 1 1 3 6 1 3 15 6 1 3 1 1 3 6 1 3 1 1 1 3 1 1 1 1 3 1 1 3 6 1 3 1 1 1 3 1 1 3 6 1 3 15 6 1 3 1 1 3 6 1 3 15 14 6 1 3 15 6 1 3 1 1 3 6 1 3 1 1 1 3 1 1 3 6 1 3 15 6 1 3 1 1 3 6 1 3 1 1 1 3 1 1 1 1 3 1 1 3 6 1 3 1 1 1 3 1 1 1 1 1 3 1 1 1 1 3 1 1 3 6 1 3 1 1 1 3 1 1 3 6 1 3 15 6 1 3 1 1 3 6 1 3 1 1 1 3 1 1 1 1 3 1 1 3 6 1 3 1 1 1 3 1 1 1 1 1 3 1 1 1 1 1 1 3 1 1 1 1 3 1 1 3 6 1 3 1 1 1 3 1 1 1 1 1 3 1 1 1 1 1 1 1 3 1 1 1 1 1 1 3 1 1 1 1 3 1 1 3 6 1 3 1 1 1 3 1 1 1 1 1 3 1 1 1 1 3 1 1 3 6 1 3 1 1 1 3 1 1 3 6 1 3 15 6 1 3 1 1 3 6 1 3 1 1 1 3 1 1 1 1 3 1 1 3 6 1 3 1 1 1 3 1 1 1 1 1 3 1 1 1 1 1 1 3 1 1 1 1 3 1 1 3 6 1 3 1 1 1 3 1 1 1 1 1 3 1 1 1 1 1 1 1 3 1 1 1 1 1 1 1 1 3 1 1 1 1 1 1 3 1 1 1 1 3 1 1 3 6 1 3 1 1 1 3 1 1 1 1 1 3 1 1 1 1 1 1 1 3 1 1 1 1 1 1 1 1 1 3 1 1 1 1 1 1 1 1 3 1 1 1 1 1 1 3 1 1 1 1 3 1 1 3 6 1 3 1 1 1 3 1 1 1 1 1 3 1 1 1 1 1 1 1 3 1 1 1 1 1 1 3 1 1 1 1 3 1 1 3 6 1 3 1 1 1 3 1 1 1 1 1 3 1 1 1 1 3 1 1 3 6 1 3 1 1 1 3 1 1 3 6 1 3 15 6 1 3 1 1 3 6 1 3 1 1 1 3 1 1 1 1 3 1 1 3 6 1 3 1 1 1 3 1 1 1 1 1 3 1 1 1 1 1 1 3 1 1 1 1 3 1 1 3 6 1 3 1 1 1 3 1 1 1 1 1 3 1 1 1 1 1 1 1 3 1 1 1 1 1 1 1 1 3 1 1 1 1 1 1 3 1 1 1 1 3 1 1 3 6 1 3 1 1 1 3 1 1 1 1 1 3 1 1 1 1 1 1 1 3 1 1 1 1 1 1 1 1 1 3 1 1 1 1 1 1 1 1 1 1 3 1 1 1 1 1 1 1 1 3 1 1 1 1 1 1 3 1 1 1 1 3 1 1 3 6 1 3 1 1 1 3 1 1 1 1 1 3 1 1 1 1 1 1 1 3 1 1 1 1 1 1 1 1 1 3 1 1 1 1 1 1 1 1 1 1 1 3 1 1 1 1 1 1 1 1 1 1 1 1 1 4 1 1 1 1 1 1 1 1 1 1 1 4 1 1 1 1 1 1 1 1 1 4 1 1 1 1 1 1 1 4 1 1 1 1 1 4 1 1 1 4 1 7 4 1 1 4 1 1 1 1 4 1 1 1 1 1 1 4 1 1 1 1 1 1 1 1 4 1 1 1 1 1 1 1 1 1 1 4 1 1 1 1 1 1 1 1 1 4 1 1 1 1 1 1 1 4 1 1 1 1 1 4 1 1 1 4 1 7 4 1 1 4 1 1 1 1 4 1 1 1 1 1 1 4 1 1 1 1 1 1 1 1 4 1 1 1 1 1 1 1 4 1 1 1 1 1 4 1 1 1 4 1 7 4 1 1 4 1 1 1 1 4 1 1 1 1 1 1 4 1 1 1 1 1 4 1 1 1 4 1 7 4 1 1 4 1 1 1 1 4 1 1 1 4 1 7 4 1 1 4 1 7 16 4 1 7 4 1 1 4 1 1 1 4 1 7 4 1 1 4 1 1 1 1 4 1 1 1 1 1 4 1 1 1 4 1 7 4 1 1 4 1 1 1 1 4 1 1 1 1 1 1 4 1 1 1 1 1 1 1 4 1 1 1 1 1 4 1 1 1 4 1 7 4 1 1 4 1 1 1 1 4 1 1 1 1 1 1 4 1 1 1 1 1 1 1 1 4 1 1 1 1 1 1 1 1 1 4 1 1 1 1 1 1 1 4 1 1 1 1 1 4 1 1 1 4 1 7 4 1 1 4 1 1 1 1 4 1 1 1 1 1 1 4 1 1 1 1 1 1 1 1 4 1 1 1 1 1 1 1 4 1 1 1 1 1 4 1 1 1 4 1 7 4 1 1 4 1 1 1 1 4 1 1 1 1 1 1 4 1 1 1 1 1 4 1 1 1 4 1 7 4 1 1 4 1 1 1 1 4 1 1 1 4 1 7 4 1 1 4 1 7 16 4 1 7 4 1 1 4 1 1 1 4 1 7 4 1 1 4 1 1 1 1 4 1 1 1 1 1 4 1 1 1 4 1 7 4 1 1 4 1 1 1 1 4 1 1 1 1 1 1 4 1 1 1 1 1 1 1 4 1 1 1 1 1 4 1 1 1 4 1 7 4 1 1 4 1 1 1 1 4 1 1 1 1 1 1 4 1 1 1 1 1 4 1 1 1 4 1 7 4 1 1 4 1 1 1 1 4 1 1 1 4 1 7 4 1 1 4 1 7 16 4 1 7 4 1 1 4 1 1 1 4 1 7 4 1 1 4 1 1 1 1 4 1 1 1 1 1 4 1 1 1 4 1 7 4 1 1 4 1 1 1 1 4 1 1 1 4 1 7 4 1 1 4 1 7 16 4 1 7 4 1 1 4 1 1 1 4 1 7 4 1 1 4 1 7 16 4 1 7 17 16 4 1 7 4 1 1 4 1 7 16 4 1 7 4 1 1 4 1 1 1 4 1 7 4 1 1 4 1 1 1 1 4 1 1 1 4 1 7 4 1 1 4 1 7 16 4 1 7 4 1 1 4 1 1 1 4 1 7 4 1 1 4 1 1 1 1 4 1 1 1 1 1 4 1 1 1 4 1 7 4 1 1 4 1 1 1 1 4 1 1 1 1 1 1 4 1 1 1 1 1 4 1 1 1 4 1 7 4 1 1 4 1 1 1 1 4 1 1 1 4 1 7 4 1 1 4 1 7 16 4 1 7 4 1 1 4 1 1 1 4 1 7 4 1 1 4 1 1 1 1 4 1 1 1 1 1 4 1 1 1 4 1 7 4 1 1 4 1 1 1 1 4 1 1 1 1 1 1 4 1 1 1 1 1 1 1 4 1 1 1 1 1 4 1 1 1 4 1 7 4 1 1 4 1 1 1 1 4 1 1 1 1 1 1 4 1 1 1 1 1 1 1 1 4 1 1 1 1 1 1 1 4 1 1 1 1 1 4 1 1 1 4 1 7 4 1 1 4 1 1 1 1 4 1 1 1 1 1 1 4 1 1 1 1 1 4 1 1 1 4 1 7 4 1 1 4 1 1 1 1 4 1 1 1 4 1 7 4 1 1 4 1 7 16 4 1 7 4 1 1 4 1 1 1 4 1 7 4 1 1 4 1 1 1 1 4 1 1 1 1 1 4 1 1 1 4 1 7 4 1 1 4 1 1 1 1 4 1 1 1 1 1 1 4 1 1 1 1 1 1 1 4 1 1 1 1 1 4 1 1 1 4 1 7 4 1 1 4 1 1 1 1 4 1 1 1 1 1 1 4 1 1 1 1 1 4 1 1 1 4 1 7 4 1 1 4 1 1 1 1 4 1 1 1 4 1 7 4 1 1 4 1 7 16 4 1 7 4 1 1 4 1 1 1 4 1 7 4 1 1 4 1 1 1 1 4 1 1 1 1 1 4 1 1 1 4 1 7 4 1 1 4 1 1 1 1 4 1 1 1 4 1 7 4 1 1 4 1 7 16 4 1 7 4 1 1 4 1 1 1 4 1 7 4 1 1 4 1 7 16 4 1 7 17 16 4 1 7 4 1 1 4 1 7 16 4 1 7 4 1 1 4 1 1 1 4 1 7 4 1 1 4 1 1 1 1 4 1 1 1 4 1 7 4 1 1 4 1 7 16 4 1 7 4 1 1 4 1 1 1 4 1 7 4 1 1 4 1 1 1 1 4 1 1 1 1 1 4 1 1 1 4 1 7 4 1 1 4 1 1 1 1 4 1 1 1 1 1 1 4 1 1 1 1 1 4 1 1 1 4 1 7 4 1 1 4 1 1 1 1 4 1 1 1 4 1 7 4 1 1 4 1 7 16 4 1 7 4 1 1 4 1 1 1 4 1 7 4 1 1 4 1 1 1 1 4 1 1 1 1 1 4 1 1 1 4 1 7 4 1 1 4 1 1 1 1 4 1 1 1 4 1 7 4 1 1 4 1 7 16 4 1 7 4 1 1 4 1 1 1 4 1 7 4 1 1 4 1 7 16 4 1 7 17 16 4 1 7 4 1 1 4 1 7 16 4 1 7 4 1 1 4 1 1 1 4 1 7 4 1 1 4 1 1 1 1 4 1 1 1 4 1 7 4 1 1 4 1 7 16 4 1 7 4 1 1 4 1 1 1 4 1 7 4 1 1 4 1 7 16 4 1 7 17 16 4 1 7 4 1 1 4 1 7 16 4 1 7 17 26 16 4 1 7 17 16 4 1 7 4 1 1 4 1 7 16 4 1 7 4 1 1 4 1 1 1 4 1 7 4 1 1 4 1 7 16 4 1 7 17 16 4 1 7 4 1 1 4 1 7 16 4 1 7 4 1 1 4 1 1 1 4 1 7 4 1 1 4 1 1 1 1 4 1 1 1 4 1 7 4 1 1 4 1 7 16 4 1 7 4 1 1 4 1 1 1 4 1 7 4 1 1 4 1 1 1 1 4 1 1 1 1 1 4 1 1 1 4 1 7 4 1 1 4 1 1 1 1 4 1 1 1 4 1 7 4 1 1 4 1 7 16 4 1 7 4 1 1 4 1 1 1 4 1 7 4 1 1 4 1 7 16 4 1 7 17 16 4 1 7 4 1 1 4 1 7 16 4 1 7 4 1 1 4 1 1 1 4 1 7 4 1 1 4 1 1 1 1 4 1 1 1 4 1 7 4 1 1 4 1 7 16 4 1 7 4 1 1 4 1 1 1 4 1 7 4 1 1 4 1 1 1 1 4 1 1 1 1 1 4 1 1 1 4 1 7 4 1 1 4 1 1 1 1 4 1 1 1 1 1 1 4 1 1 1 1 1 4 1 1 1 4 1 7 4 1 1 4 1 1 1 1 4 1 1 1 4 1 7 4 1 1 4 1 7 16 4 1 7 4 1 1 4 1 1 1 4 1 7 4 1 1 4 1 1 1 1 4 1 1 1 1 1 4 1 1 1 4 1 7 4 1 1 4 1 1 1 1 4 1 1 1 1 1 1 4 1 1 1 1 1 1 1 4 1 1 1 1 1 4 1 1 1 4 1 7 4 1 1 4 1 1 1 1 4 1 1 1 1 1 1 4 1 1 1 1 1 4 1 1 1 4 1 7 4 1 1 4 1 1 1 1 4 1 1 1 4 1 7 4 1 1 4 1 7 16 4 1 7 4 1 1 4 1 1 1 4 1 7 4 1 1 4 1 1 1 1 4 1 1 1 1 1 4 1 1 1 4 1 7 4 1 1 4 1 1 1 1 4 1 1 1 4 1 7 4 1 1 4 1 7 16 4 1 7 4 1 1 4 1 1 1 4 1 7 4 1 1 4 1 7 16 4 1 7 17 16 4 1 7 4 1 1 4 1 7 16 4 1 7 4 1 1 4 1 1 1 4 1 7 4 1 1 4 1 1 1 1 4 1 1 1 4 1 7 4 1 1 4 1 7 16 4 1 7 4 1 1 4 1 1 1 4 1 7 4 1 1 4 1 1 1 1 4 1 1 1 1 1 4 1 1 1 4 1 7 4 1 1 4 1 1 1 1 4 1 1 1 1 1 1 4 1 1 1 1 1 4 1 1 1 4 1 7 4 1 1 4 1 1 1 1 4 1 1 1 4 1 7 4 1 1 4 1 7 16 4 1 7 4 1 1 4 1 1 1 4 1 7 4 1 1 4 1 1 1 1 4 1 1 1 1 1 4 1 1 1 4 1 7 4 1 1 4 1 1 1 1 4 1 1 1 4 1 7 4 1 1 4 1 7 16 4 1 7 4 1 1 4 1 1 1 4 1 7 4 1 1 4 1 7 16 4 1 7 17 16 4 1 7 4 1 1 4 1 7 16 4 1 7 4 1 1 4 1 1 1 4 1 7 4 1 1 4 1 1 1 1 4 1 1 1 4 1 7 4 1 1 4 1 7 16 4 1 7 4 1 1 4 1 1 1 4 1 7 4 1 1 4 1 7 16 4 1 7 17 16 4 1 7 4 1 1 4 1 7 16 4 1 7 17 26 16 4 1 7 17 16 4 1 7 4 1 1 4 1 7 16 4 1 7 4 1 1 4 1 1 1 4 1 7 4 1 1 4 1 7 16 4 1 7 17 16 4 1 7 4 1 1 4 1 7 16 4 1 7 4 1 1 4 1 1 1 4 1 7 4 1 1 4 1 1 1 1 4 1 1 1 4 1 7 4 1 1 4 1 7 16 4 1 7 4 1 1 4 1 1 1 4 1 7 4 1 1 4 1 1 1 1 4 1 1 1 1 1 4 1 1 1 4 1 7 4 1 1 4 1 1 1 1 4 1 1 1 4 1 7 4 1 1 4 1 7 16 4 1 7 4 1 1 4 1 1 1 4 1 7 4 1 1 4 1 7 16 4 1 7 17 16 4 1 7 4 1 1 4 1 7 16 4 1 7 4 1 1 4 1 1 1 4 1 7 4 1 1 4 1 1 1 1 4 1 1 1 4 1 7 4 1 1 4 1 7 16 4 1 7 4 1 1 4 1 1 1 4 1 7 4 1 1 4 1 7 16 4 1 7 17 16 4 1 7 4 1 1 4 1 7 16 4 1 7 17 26 16 4 1 7 17 16 4 1 7 4 1 1 4 1 7 16 4 1 7 4 1 1 4 1 1 1 4 1 7 4 1 1 4 1 7 16 4 1 7 17 16 4 1 7 4 1 1 4 1 7 16 4 1 7 17 26 16 4 1 7 17 27 26 16 4 1 7 17 16 4 1 7 4 1 1 4 1 7 16 4 1 7 17 26 16 4 1 7 17 16 4 1 7 4 1 1 4 1 7 16 4 1 7 4 1 1 4 1 1 1 4 1 7 4 1 1 4 1 7 16 4 1 7 17 16 4 1 7 4 1 1 4 1 7 16 4 1 7 4 1 1 4 1 1 1 4 1 7 4 1 1 4 1 1 1 1 4 1 1 1 4 1 7 4 1 1 4 1 7 16 4 1 7 4 1 1 4 1 1 1 4 1 7 4 1 1 4 1 7 16 4 1 7 17 16 4 1 7 4 1 1 4 1 7 16 4 1 7 17 26 16 4 1 7 17 16 4 1 7 4 1 1 4 1 7 16 4 1 7 4 1 1 4 1 1 1 4 1 7 4 1 1 4 1 7 16 4 1 7 17 16 4 1 7 4 1 1 4 1 7 16 4 1 7 4 1 1 4 1 1 1 4 1 7 4 1 1 4 1 1 1 1 4 1 1 1 4 1 7 4 1 1 4 1 7 16 4 1 7 4 1 1 4 1 1 1 4 1 7 4 1 1 4 1 1 1 1 4 1 1 1 1 1 4 1 1 1 4 1 7 4 1 1 4 1 1 1 1 4 1 1 1 4 1 7 4 1 1 4 1 7 16 4 1 7 4 1 1 4 1 1 1 4 1 7 4 1 1 4 1 7 16 4 1 7 17 16 4 1 7 4 1 1 4 1 7 16 4 1 7 4 1 1 4 1 1 1 4 1 7 4 1 1 4 1 1 1 1 4 1 1 1 4 1 7 4 1 1 4 1 7 16 4 1 7 4 1 1 4 1 1 1 4 1 7 4 1 1 4 1 1 1 1 4 1 1 1 1 1 4 1 1 1 4 1 7 4 1 1 4 1 1 1 1 4 1 1 1 1 1 1 4 1 1 1 1 1 4 1 1 1 4 1 7 4 1 1 4 1 1 1 1 4 1 1 1 4 1 7 4 1 1 4 1 7 16 4 1 7 4 1 1 4 1 1 1 4 1 7 4 1 1 4 1 1 1 1 4 1 1 1 1 1 4 1 1 1 4 1 7 4 1 1 4 1 1 1 1 4 1 1 1 4 1 7 4 1 1 4 1 7 16 4 1 7 4 1 1 4 1 1 1 4 1 7 4 1 1 4 1 7 16 4 1 7 17 16 4 1 7 4 1 1 4 1 7 16 4 1 7 4 1 1 4 1 1 1 4 1 7 4 1 1 4 1 1 1 1 4 1 1 1 4 1 7 4 1 1 4 1 7 16 4 1 7 4 1 1 4 1 1 1 4 1 7 4 1 1 4 1 7 16 4 1 7 17 16 4 1 7 4 1 1 4 1 7 16 4 1 7 17 26 16 4 1 7 17 16 4 1 7 4 1 1 4 1 7 16 4 1 7 4 1 1 4 1 1 1 4 1 7 4 1 1 4 1 7 16 4 1 7 17 16 4 1 7 4 1 1 4 1 7 16 4 1 7 4 1 1 4 1 1 1 4 1 7 4 1 1 4 1 1 1 1 4 1 1 1 4 1 7 4 1 1 4 1 7 16 4 1 7 4 1 1 4 1 1 1 4 1 7 4 1 1 4 1 1 1 1 4 1 1 1 1 1 4 1 1 1 4 1 7 4 1 1 4 1 1 1 1 4 1 1 1 4 1 7 4 1 1 4 1 7 16 4 1 7 4 1 1 4 1 1 1 4 1 7 4 1 1 4 1 7 16 4 1 7 17 16 4 1 7 4 1 1 4 1 7 16 4 1 7 4 1 1 4 1 1 1 4 1 7 4 1 1 4 1 1 1 1 4 1 1 1 4 1 7 4 1 1 4 1 7 16 4 1 7 4 1 1 4 1 1 1 4 1 7 4 1 1 4 1 7 16 4 1 7 17 16 4 1 7 4 1 1 4 1 7 16 4 1 7 17 26 16 4 1 7 17 16 4 1 7 4 1 1 4 1 7 16 4 1 7 4 1 1 4 1 1 1 4 1 7 4 1 1 4 1 7 16 4 1 7 17 16 4 1 7 4 1 1 4 1 7 16 4 1 7 17 26 16 4 1 7 17 27 26 16 4 1 7 17 16 4 1 7 4 1 1 4 1 7 16 4 1 7 17 26 16 4 1 7 17 16 4 1 7 4 1 1 4 1 7 16 4 1 7 4 1 1 4 1 1 1 4 1 7 4 1 1 4 1 7 16 4 1 7 17 16 4 1 7 4 1 1 4 1 7 16 4 1 7 4 1 1 4 1 1 1 4 1 7 4 1 1 4 1 1 1 1 4 1 1 1 4 1 7 4 1 1 4 1 7 16 4 1 7 4 1 1 4 1 1 1 4 1 7 4 1 1 4 1 7 16 4 1 7 17 16 4 1 7 4 1 1 4 1 7 16 4 1 7 17 26 16 4 1 7 17 16 4 1 7 4 1 1 4 1 7 16 4 1 7 4 1 1 4 1 1 1 4 1 7 4 1 1 4 1 7 16 4 1 7 17 16 4 1 7 4 1 1 4 1 7 16 4 1 7 17 26 16 4 1 7 17 27 26 16 4 1 7 17 16 4 1 7 4 1 1 4 1 7 16 4 1 7 17 26 16 4 1 7 17 27 36 26 16 4 1 7 17 27 26 16 4 1 7 17 16 4 1 7 4 1 1 4 1 7 16 4 1 7 17 26 16 4 1 7 17 16 4 1 7 4 1 1 4 1 7 16 4 1 7 4 1 1 4 1 1 1 4 1 7 4 1 1 4 1 7 16 4 1 7 17 16 4 1 7 4 1 1 4 1 7 16 4 1 7 17 26 16 4 1 7 17 27 26 16 4 1 7 17 16 4 1 7 4 1 1 4 1 7 16 4 1 7 17 26 16 4 1 7 17 16 4 1 7 4 1 1 4 1 7 16 4 1 7 4 1 1 4 1 1 1 4 1 7 4 1 1 4 1 7 16 4 1 7 17 16 4 1 7 4 1 1 4 1 7 16 4 1 7 4 1 1 4 1 1 1 4 1 7 4 1 1 4 1 1 1 1 4 1 1 1 4 1 7 4 1 1 4 1 7 16 4 1 7 4 1 1 4 1 1 1 4 1 7 4 1 1 4 1 7 16 4 1 7 17 16 4 1 7 4 1 1 4 1 7 16 4 1 7 17 26 16 4 1 7 17 16 4 1 7 4 1 1 4 1 7 16 4 1 7 4 1 1 4 1 1 1 4 1 7 4 1 1 4 1 7 16 4 1 7 17 16 4 1 7 4 1 1 4 1 7 16 4 1 7 4 1 1 4 1 1 1 4 1 7 4 1 1 4 1 1 1 1 4 1 1 1 4 1 7 4 1 1 4 1 7 16 4 1 7 4 1 1 4 1 1 1 4 1 7 4 1 1 4 1 1 1 1 4 1 1 1 1 1 4 1 1 1 4 1 7 4 1 1 4 1 1 1 1 4 1 1 1 4 1 7 4 1 1 4 1 7 16 4 1 7 4 1 1 4 1 1 1 4 1 7 4 1 1 4 1 7 16 4 1 7 17 16 4 1 7 4 1 1 4 1 7 16 4 1 7 4 1 1 4 1 1 1 4 1 7 4 1 1 4 1 1 1 1 4 1 1 1 4 1 7 4 1 1 4 1 7 16 4 1 7 4 1 1 4 1 1 1 4 1 7 4 1 1 4 1 7 16 4 1 7 17 16 4 1 7 4 1 1 4 1 7 16 4 1 7 17 26 16 4 1 7 17 16 4 1 7 4 1 1 4 1 7 16 4 1 7 4 1 1 4 1 1 1 4 1 7 4 1 1 4 1 7 16 4 1 7 17 16 4 1 7 4 1 1 4 1 7 16 4 1 7 17 26 16 4 1 7 17 27 26 16 4 1 7 17 16 4 1 7 4 1 1 4 1 7 16 4 1 7 17 26 16 4 1 7 17 16 4 1 7 4 1 1 4 1 7 16 4 1 7 4 1 1 4 1 1 1 4 1 7 4 1 1 4 1 7 16 4 1 7 17 16 4 1 7 4 1 1 4 1 7 16 4 1 7 4 1 1 4 1 1 1 4 1 7 4 1 1 4 1 1 1 1 4 1 1 1 4 1 7 4 1 1 4 1 7 16 4 1 7 4 1 1 4 1 1 1 4 1 7 4 1 1 4 1 7 16 4 1 7 17 16 4 1 7 4 1 1 4 1 7 16 4 1 7 17 26 16 4 1 7 17 16 4 1 7 4 1 1 4 1 7 16 4 1 7 4 1 1 4 1 1 1 4 1 7 4 1 1 4 1 7 16 4 1 7 17 16 4 1 7 4 1 1 4 1 7 16 4 1 7 17 26 16 4 1 7 17 27 26 16 4 1 7 17 16 4 1 7 4 1 1 4 1 7 16 4 1 7 17 26 16 4 1 7 17 27 36 26 16 4 1 7 17 27 26 16 4 1 7 17 16 4 1 7 4 1 1 4 1 7 16 4 1 7 17 26 16 4 1 7 17 16 4 1 7 4 1 1 4 1 7 16 4 1 7 4 1 1 4 1 1 1 4 1 7 4 1 1 4 1 7 16 4 1 7 17 16 4 1 7 4 1 1 4 1 7 16 4 1 7 17 26 16 4 1 7 17 27 26 16 4 1 7 17 16 4 1 7 4 1 1 4 1 7 16 4 1 7 17 26 16 4 1 7 17 27 36 26 16 4 1 7 17 27 37 36 26 16 4 1 7 17 27 26 16 4 1 7 17 16 4 1 7 4 1 1 4 1 7 16 4 1 7 17 26 16 4 1 7 17 27 36 26 16 4 1 7 17 27 26 16 4 1 7 17 16 4 1 7 4 1 1 4 1 7 16 4 1 7 17 26 16 4 1 7 17 16 4 1 7 4 1 1 4 1 7 16 4 1 7 4 1 1 4 1 1 1 4 1 7 4 1 1 4 1 7 16 4 1 7 17 16 4 1 7 4 1 1 4 1 7 16 4 1 7 17 26 16 4 1 7 17 27 26 16 4 1 7 17 16 4 1 7 4 1 1 4 1 7 16 4 1 7 17 26 16 4 1 7 17 16 4 1 7 4 1 1 4 1 7 16 4 1 7 4 1 1 4 1 1 1 4 1 7 4 1 1 4 1 7 16 4 1 7 17 16 4 1 7 4 1 1 4 1 7 16 4 1 7 4 1 1 4 1 1 1 4 1 7 4 1 1 4 1 1 1 1 4 1 1 1 4 1 7 4 1 1 4 1 7 16 4 1 7 4 1 1 4 1 1 1 4 1 7 4 1 1 4 1 7 16 4 1 7 17 16 4 1 7 4 1 1 4 1 7 16 4 1 7 17 26 16 4 1 7 17 16 4 1 7 4 1 1 4 1 7 16 4 1 7 4 1 1 4 1 1 1 4 1 7 4 1 1 4 1 7 16 4 1 7 17 16 4 1 7 4 1 1 4 1 7 16 4 1 7 17 26 16 4 1 7 17 27 26 16 4 1 7 17 16 4 1 7 4 1 1 4 1 7 16 4 1 7 17 26 16 4 1 7 17 27 36 26 16 4 1 7 17 27 26 16 4 1 7 17 16 4 1 7 4 1 1 4 1 7 16 4 1 7 17 26 16 4 1 7 17 16 4 1 7 4 1 1 4 1 7 16 4 1 7 4 1 1 4 1 1 1 4 1 7 4 1 1 4 1 7 16 4 1 7 17 16 4 1 7 4 1 1 4 1 7 16 4 1 7 17 26 16 4 1 7 17 27 26 16 4 1 7 17 16 4 1 7 4 1 1 4 1 7 16 4 1 7 17 26 16 4 1 7 17 27 36 26 16 4 1 7 17 27 37 36 26 16 4 1 7 17 27 26 16 4 1 7 17 16 4 1 7 4 1 1 4 1 7 16 4 1 7 17 26 16 4 1 7 17 27 36 26 16 4 1 7 17 27 37 46 36 26 16 4 1 7 17 27

TRANSITIONS 104
T 0 1
T 1 2
T 2 3
T 3 1
T 1 1
T 1 4
T 4 5
T 5 6
T 6 1
T 1 3
T 4 1
T 1 7
T 7 8
T 8 9
T 9 3
T 1 10
T 10 3
T 4 11
T 11 1
T 4 12
T 12 13
T 13 14
T 14 6
T 3 15
T 15 6
T 3 6
T 7 4
T 7 16
T 16 4
T 7 17
T 17 18
T 18 19
T 19 9
T 10 20
T 20 9
T 10 9
T 12 11
T 12 21
T 21 11
T 12 22
T 22 23
T 23 24
T 24 14
T 15 25
T 25 14
T 15 14
T 17 16
T 17 26
T 26 16
T 17 27
T 27 28
T 28 29
T 29 19
T 20 30
T 30 19
T 20 19
T 22 21
T 22 31
T 31 21
T 22 32
T 32 33
T 33 34
T 34 24
T 25 35
T 35 24
T 25 24
T 27 26
T 27 36
T 36 26
T 27 37
T 37 38
T 38 39
T 39 29
T 30 40
T 40 29
T 30 29
T 32 31
T 32 41
T 41 31
T 32 42
T 42 43
T 43 44
T 44 34
T 35 45
T 45 34
T 35 34
T 37 36
T 37 46
T 46 36
T 37 47
T 47 38
T 38 48
T 48 39
T 40 49
T 49 39
T 40 39
T 42 41
T 42 50
T 50 41
T 43 51
T 51 43
T 45 52
T 52 44
T 45 44
